Time:
		60

Number of seeds
		1

ID, X and Y coordinates of the seeds (one per line)
		1  0  0

Root DM, shoot DM, leaf area:
		0  0  0

Average soil strength and solute concentration experienced by root system:
		0  0

Total # of axes:
		1

Total # of branches, including axis(es):
		1

Total # of segment records:
		400

segID#    x          y          z      prev or  br#  length   surface  mass
origination time
		1           0           0        -0.5           0           1           1         0.5      0.7854           0
		0
		2           0           0          -1           1           1           1         0.5      0.7854           0
		0.15038
		3           0           0        -1.5           2           1           1         0.5      0.7854           0
		0.30075
		4           0           0          -2           3           1           1         0.5      0.7854           0
		0.45113
		5           0           0        -2.5           4           1           1         0.5      0.7854           0
		0.6015
		6           0           0          -3           5           1           1         0.5      0.7854           0
		0.75188
		7           0           0        -3.5           6           1           1         0.5      0.7854           0
		0.90226
		8           0           0          -4           7           1           1         0.5      0.7854           0
		1.0526
		9           0           0        -4.5           8           1           1         0.5      0.7854           0
		1.203
		10            0            0           -5            9            1            1          0.5     0.785398            0
		1.3534
		11            0            0         -5.5           10            1            1          0.5     0.785398            0
		1.5038
		12            0            0           -6           11            1            1          0.5     0.785398            0
		1.6541
		13            0            0         -6.5           12            1            1          0.5     0.785398            0
		1.8045
		14            0            0           -7           13            1            1          0.5     0.785398            0
		1.9549
		15            0            0         -7.5           14            1            1          0.5     0.785398            0
		2.1053
		16            0            0           -8           15            1            1          0.5     0.785398            0
		2.2556
		17            0            0         -8.5           16            1            1          0.5     0.785398            0
		2.406
		18            0            0           -9           17            1            1          0.5     0.785398            0
		2.5564
		19            0            0         -9.5           18            1            1          0.5     0.785398            0
		2.7068
		20            0            0          -10           19            1            1          0.5     0.785398            0
		2.8571
		21            0            0        -10.5           20            1            1          0.5     0.785398            0
		3.0075
		22            0            0          -11           21            1            1          0.5     0.785398            0
		3.1579
		23            0            0        -11.5           22            1            1          0.5     0.785398            0
		3.3083
		24            0            0          -12           23            1            1          0.5     0.785398            0
		3.4586
		25            0            0        -12.5           24            1            1          0.5     0.785398            0
		3.609
		26            0            0          -13           25            1            1          0.5     0.785398            0
		3.7594
		27            0            0        -13.5           26            1            1          0.5     0.785398            0
		3.9098
		28            0            0          -14           27            1            1          0.5     0.785398            0
		4.0602
		29            0            0        -14.5           28            1            1          0.5     0.785398            0
		4.2105
		30            0            0          -15           29            1            1          0.5     0.785398            0
		4.3609
		31            0            0        -15.5           30            1            1          0.5     0.785398            0
		4.5113
		32            0            0          -16           31            1            1          0.5     0.785398            0
		4.6617
		33            0            0        -16.5           32            1            1          0.5     0.785398            0
		4.812
		34            0            0          -17           33            1            1          0.5     0.785398            0
		4.9624
		35            0            0        -17.5           34            1            1          0.5     0.785398            0
		5.1128
		36            0            0          -18           35            1            1          0.5     0.785398            0
		5.2632
		37            0            0        -18.5           36            1            1          0.5     0.785398            0
		5.4135
		38            0            0          -19           37            1            1          0.5     0.785398            0
		5.5639
		39            0            0        -19.5           38            1            1          0.5     0.785398            0
		5.7143
		40            0            0          -20           39            1            1          0.5     0.785398            0
		5.8647
		41            0            0        -20.5           40            1            1          0.5     0.785398            0
		6.015
		42            0            0          -21           41            1            1          0.5     0.785398            0
		6.1654
		43            0            0        -21.5           42            1            1          0.5     0.785398            0
		6.3158
		44            0            0          -22           43            1            1          0.5     0.785398            0
		6.4662
		45            0            0        -22.5           44            1            1          0.5     0.785398            0
		6.6165
		46            0            0          -23           45            1            1          0.5     0.785398            0
		6.7669
		47            0            0        -23.5           46            1            1          0.5     0.785398            0
		6.9173
		48            0            0          -24           47            1            1          0.5     0.785398            0
		7.0677
		49            0            0        -24.5           48            1            1          0.5     0.785398            0
		7.218
		50            0            0          -25           49            1            1          0.5     0.785398            0
		7.3684
		51            0            0        -25.5           50            1            1          0.5     0.785398            0
		7.5188
		52            0            0          -26           51            1            1          0.5     0.785398            0
		7.6692
		53            0            0        -26.5           52            1            1          0.5     0.785398            0
		7.8195
		54            0            0          -27           53            1            1          0.5     0.785398            0
		7.9699
		55            0            0        -27.5           54            1            1          0.5     0.785398            0
		8.1203
		56            0            0          -28           55            1            1          0.5     0.785398            0
		8.2707
		57            0            0        -28.5           56            1            1          0.5     0.785398            0
		8.4211
		58            0            0          -29           57            1            1          0.5     0.785398            0
		8.5714
		59            0            0        -29.5           58            1            1          0.5     0.785398            0
		8.7218
		60            0            0          -30           59            1            1          0.5     0.785398            0
		8.8722
		61            0            0        -30.5           60            1            1          0.5     0.785398            0
		9.0226
		62            0            0          -31           61            1            1          0.5     0.785398            0
		9.1729
		63            0            0        -31.5           62            1            1          0.5     0.785398            0
		9.3233
		64            0            0          -32           63            1            1          0.5     0.785398            0
		9.4737
		65            0            0        -32.5           64            1            1          0.5     0.785398            0
		9.6241
		66            0            0          -33           65            1            1          0.5     0.785398            0
		9.7744
		67            0            0        -33.5           66            1            1          0.5     0.785398            0
		9.9248
		68            0            0          -34           67            1            1          0.5     0.785398            0
		10.0752
		69            0            0        -34.5           68            1            1          0.5     0.785398            0
		10.2256
		70            0            0          -35           69            1            1          0.5     0.785398            0
		10.3759
		71            0            0        -35.5           70            1            1          0.5     0.785398            0
		10.5263
		72            0            0          -36           71            1            1          0.5     0.785398            0
		10.6767
		73            0            0        -36.5           72            1            1          0.5     0.785398            0
		10.8271
		74            0            0          -37           73            1            1          0.5     0.785398            0
		10.9774
		75            0            0        -37.5           74            1            1          0.5     0.785398            0
		11.1278
		76            0            0          -38           75            1            1          0.5     0.785398            0
		11.2782
		77            0            0        -38.5           76            1            1          0.5     0.785398            0
		11.4286
		78            0            0          -39           77            1            1          0.5     0.785398            0
		11.5789
		79            0            0        -39.5           78            1            1          0.5     0.785398            0
		11.7293
		80            0            0          -40           79            1            1          0.5     0.785398            0
		11.8797
		81            0            0        -40.5           80            1            1          0.5     0.785398            0
		12.0301
		82            0            0          -41           81            1            1          0.5     0.785398            0
		12.1805
		83            0            0        -41.5           82            1            1          0.5     0.785398            0
		12.3308
		84            0            0          -42           83            1            1          0.5     0.785398            0
		12.4812
		85            0            0        -42.5           84            1            1          0.5     0.785398            0
		12.6316
		86            0            0          -43           85            1            1          0.5     0.785398            0
		12.782
		87            0            0        -43.5           86            1            1          0.5     0.785398            0
		12.9323
		88            0            0          -44           87            1            1          0.5     0.785398            0
		13.0827
		89            0            0        -44.5           88            1            1          0.5     0.785398            0
		13.2331
		90            0            0          -45           89            1            1          0.5     0.785398            0
		13.3835
		91            0            0        -45.5           90            1            1          0.5     0.785398            0
		13.5338
		92            0            0          -46           91            1            1          0.5     0.785398            0
		13.6842
		93            0            0        -46.5           92            1            1          0.5     0.785398            0
		13.8346
		94            0            0          -47           93            1            1          0.5     0.785398            0
		13.985
		95            0            0        -47.5           94            1            1          0.5     0.785398            0
		14.1353
		96            0            0          -48           95            1            1          0.5     0.785398            0
		14.2857
		97            0            0        -48.5           96            1            1          0.5     0.785398            0
		14.4361
		98            0            0          -49           97            1            1          0.5     0.785398            0
		14.5865
		99            0            0        -49.5           98            1            1          0.5     0.785398            0
		14.7368
		100             0             0           -50            99             1             1           0.5     0.7853982             0
		14.8872
		101             0             0         -50.5           100             1             1           0.5     0.7853982             0
		15.0376
		102             0             0           -51           101             1             1           0.5     0.7853982             0
		15.188
		103             0             0         -51.5           102             1             1           0.5     0.7853982             0
		15.3383
		104             0             0           -52           103             1             1           0.5     0.7853982             0
		15.4887
		105             0             0         -52.5           104             1             1           0.5     0.7853982             0
		15.6391
		106             0             0           -53           105             1             1           0.5     0.7853982             0
		15.7895
		107             0             0         -53.5           106             1             1           0.5     0.7853982             0
		15.9398
		108             0             0           -54           107             1             1           0.5     0.7853982             0
		16.0902
		109             0             0         -54.5           108             1             1           0.5     0.7853982             0
		16.2406
		110             0             0           -55           109             1             1           0.5     0.7853982             0
		16.391
		111             0             0         -55.5           110             1             1           0.5     0.7853982             0
		16.5414
		112             0             0           -56           111             1             1           0.5     0.7853982             0
		16.6917
		113             0             0         -56.5           112             1             1           0.5     0.7853982             0
		16.8421
		114             0             0           -57           113             1             1           0.5     0.7853982             0
		16.9925
		115             0             0         -57.5           114             1             1           0.5     0.7853982             0
		17.1429
		116             0             0           -58           115             1             1           0.5     0.7853982             0
		17.2932
		117             0             0         -58.5           116             1             1           0.5     0.7853982             0
		17.4436
		118             0             0           -59           117             1             1           0.5     0.7853982             0
		17.594
		119             0             0         -59.5           118             1             1           0.5     0.7853982             0
		17.7444
		120             0             0           -60           119             1             1           0.5     0.7853982             0
		17.8947
		121             0             0         -60.5           120             1             1           0.5     0.7853982             0
		18.0451
		122             0             0           -61           121             1             1           0.5     0.7853982             0
		18.1955
		123             0             0         -61.5           122             1             1           0.5     0.7853982             0
		18.3459
		124             0             0           -62           123             1             1           0.5     0.7853982             0
		18.4962
		125             0             0         -62.5           124             1             1           0.5     0.7853982             0
		18.6466
		126             0             0           -63           125             1             1           0.5     0.7853982             0
		18.797
		127             0             0         -63.5           126             1             1           0.5     0.7853982             0
		18.9474
		128             0             0           -64           127             1             1           0.5     0.7853982             0
		19.0977
		129             0             0         -64.5           128             1             1           0.5     0.7853982             0
		19.2481
		130             0             0           -65           129             1             1           0.5     0.7853982             0
		19.3985
		131             0             0         -65.5           130             1             1           0.5     0.7853982             0
		19.5489
		132             0             0           -66           131             1             1           0.5     0.7853982             0
		19.6992
		133             0             0         -66.5           132             1             1           0.5     0.7853982             0
		19.8496
		134             0             0           -67           133             1             1           0.5     0.7853982             0
		20
		135             0             0         -67.5           134             1             1           0.5     0.7853982             0
		20.1504
		136             0             0           -68           135             1             1           0.5     0.7853982             0
		20.3008
		137             0             0         -68.5           136             1             1           0.5     0.7853982             0
		20.4511
		138             0             0           -69           137             1             1           0.5     0.7853982             0
		20.6015
		139             0             0         -69.5           138             1             1           0.5     0.7853982             0
		20.7519
		140             0             0           -70           139             1             1           0.5     0.7853982             0
		20.9023
		141             0             0         -70.5           140             1             1           0.5     0.7853982             0
		21.0526
		142             0             0           -71           141             1             1           0.5     0.7853982             0
		21.203
		143             0             0         -71.5           142             1             1           0.5     0.7853982             0
		21.3534
		144             0             0           -72           143             1             1           0.5     0.7853982             0
		21.5038
		145             0             0         -72.5           144             1             1           0.5     0.7853982             0
		21.6541
		146             0             0           -73           145             1             1           0.5     0.7853982             0
		21.8045
		147             0             0         -73.5           146             1             1           0.5     0.7853982             0
		21.9549
		148             0             0           -74           147             1             1           0.5     0.7853982             0
		22.1053
		149             0             0         -74.5           148             1             1           0.5     0.7853982             0
		22.2556
		150             0             0           -75           149             1             1           0.5     0.7853982             0
		22.406
		151             0             0         -75.5           150             1             1           0.5     0.7853982             0
		22.5564
		152             0             0           -76           151             1             1           0.5     0.7853982             0
		22.7068
		153             0             0         -76.5           152             1             1           0.5     0.7853982             0
		22.8571
		154             0             0           -77           153             1             1           0.5     0.7853982             0
		23.0075
		155             0             0         -77.5           154             1             1           0.5     0.7853982             0
		23.1579
		156             0             0           -78           155             1             1           0.5     0.7853982             0
		23.3083
		157             0             0         -78.5           156             1             1           0.5     0.7853982             0
		23.4586
		158             0             0           -79           157             1             1           0.5     0.7853982             0
		23.609
		159             0             0         -79.5           158             1             1           0.5     0.7853982             0
		23.7594
		160             0             0           -80           159             1             1           0.5     0.7853982             0
		23.9098
		161             0             0         -80.5           160             1             1           0.5     0.7853982             0
		24.0602
		162             0             0           -81           161             1             1           0.5     0.7853982             0
		24.2105
		163             0             0         -81.5           162             1             1           0.5     0.7853982             0
		24.3609
		164             0             0           -82           163             1             1           0.5     0.7853982             0
		24.5113
		165             0             0         -82.5           164             1             1           0.5     0.7853982             0
		24.6617
		166             0             0           -83           165             1             1           0.5     0.7853982             0
		24.812
		167             0             0         -83.5           166             1             1           0.5     0.7853982             0
		24.9624
		168             0             0           -84           167             1             1           0.5     0.7853982             0
		25.1128
		169             0             0         -84.5           168             1             1           0.5     0.7853982             0
		25.2632
		170             0             0           -85           169             1             1           0.5     0.7853982             0
		25.4135
		171             0             0         -85.5           170             1             1           0.5     0.7853982             0
		25.5639
		172             0             0           -86           171             1             1           0.5     0.7853982             0
		25.7143
		173             0             0         -86.5           172             1             1           0.5     0.7853982             0
		25.8647
		174             0             0           -87           173             1             1           0.5     0.7853982             0
		26.015
		175             0             0         -87.5           174             1             1           0.5     0.7853982             0
		26.1654
		176             0             0           -88           175             1             1           0.5     0.7853982             0
		26.3158
		177             0             0         -88.5           176             1             1           0.5     0.7853982             0
		26.4662
		178             0             0           -89           177             1             1           0.5     0.7853982             0
		26.6165
		179             0             0         -89.5           178             1             1           0.5     0.7853982             0
		26.7669
		180             0             0           -90           179             1             1           0.5     0.7853982             0
		26.9173
		181             0             0         -90.5           180             1             1           0.5     0.7853982             0
		27.0677
		182             0             0           -91           181             1             1           0.5     0.7853982             0
		27.218
		183             0             0         -91.5           182             1             1           0.5     0.7853982             0
		27.3684
		184             0             0           -92           183             1             1           0.5     0.7853982             0
		27.5188
		185             0             0         -92.5           184             1             1           0.5     0.7853982             0
		27.6692
		186             0             0           -93           185             1             1           0.5     0.7853982             0
		27.8195
		187             0             0         -93.5           186             1             1           0.5     0.7853982             0
		27.9699
		188             0             0           -94           187             1             1           0.5     0.7853982             0
		28.1203
		189             0             0         -94.5           188             1             1           0.5     0.7853982             0
		28.2707
		190             0             0           -95           189             1             1           0.5     0.7853982             0
		28.4211
		191             0             0         -95.5           190             1             1           0.5     0.7853982             0
		28.5714
		192             0             0           -96           191             1             1           0.5     0.7853982             0
		28.7218
		193             0             0         -96.5           192             1             1           0.5     0.7853982             0
		28.8722
		194             0             0           -97           193             1             1           0.5     0.7853982             0
		29.0226
		195             0             0         -97.5           194             1             1           0.5     0.7853982             0
		29.1729
		196             0             0           -98           195             1             1           0.5     0.7853982             0
		29.3233
		197             0             0         -98.5           196             1             1           0.5     0.7853982             0
		29.4737
		198             0             0           -99           197             1             1           0.5     0.7853982             0
		29.6241
		199             0             0         -99.5           198             1             1           0.5     0.7853982             0
		29.7744
		200             0             0          -100           199             1             1           0.5     0.7853982             0
		29.9248
		201             0             0        -100.5           200             1             1           0.5     0.7853982             0
		30.0752
		202             0             0          -101           201             1             1           0.5     0.7853982             0
		30.2256
		203             0             0        -101.5           202             1             1           0.5     0.7853982             0
		30.3759
		204             0             0          -102           203             1             1           0.5     0.7853982             0
		30.5263
		205             0             0        -102.5           204             1             1           0.5     0.7853982             0
		30.6767
		206             0             0          -103           205             1             1           0.5     0.7853982             0
		30.8271
		207             0             0        -103.5           206             1             1           0.5     0.7853982             0
		30.9774
		208             0             0          -104           207             1             1           0.5     0.7853982             0
		31.1278
		209             0             0        -104.5           208             1             1           0.5     0.7853982             0
		31.2782
		210             0             0          -105           209             1             1           0.5     0.7853982             0
		31.4286
		211             0             0        -105.5           210             1             1           0.5     0.7853982             0
		31.5789
		212             0             0          -106           211             1             1           0.5     0.7853982             0
		31.7293
		213             0             0        -106.5           212             1             1           0.5     0.7853982             0
		31.8797
		214             0             0          -107           213             1             1           0.5     0.7853982             0
		32.0301
		215             0             0        -107.5           214             1             1           0.5     0.7853982             0
		32.1805
		216             0             0          -108           215             1             1           0.5     0.7853982             0
		32.3308
		217             0             0        -108.5           216             1             1           0.5     0.7853982             0
		32.4812
		218             0             0          -109           217             1             1           0.5     0.7853982             0
		32.6316
		219             0             0        -109.5           218             1             1           0.5     0.7853982             0
		32.782
		220             0             0          -110           219             1             1           0.5     0.7853982             0
		32.9323
		221             0             0        -110.5           220             1             1           0.5     0.7853982             0
		33.0827
		222             0             0          -111           221             1             1           0.5     0.7853982             0
		33.2331
		223             0             0        -111.5           222             1             1           0.5     0.7853982             0
		33.3835
		224             0             0          -112           223             1             1           0.5     0.7853982             0
		33.5338
		225             0             0        -112.5           224             1             1           0.5     0.7853982             0
		33.6842
		226             0             0          -113           225             1             1           0.5     0.7853982             0
		33.8346
		227             0             0        -113.5           226             1             1           0.5     0.7853982             0
		33.985
		228             0             0          -114           227             1             1           0.5     0.7853982             0
		34.1353
		229             0             0        -114.5           228             1             1           0.5     0.7853982             0
		34.2857
		230             0             0          -115           229             1             1           0.5     0.7853982             0
		34.4361
		231             0             0        -115.5           230             1             1           0.5     0.7853982             0
		34.5865
		232             0             0          -116           231             1             1           0.5     0.7853982             0
		34.7368
		233             0             0        -116.5           232             1             1           0.5     0.7853982             0
		34.8872
		234             0             0          -117           233             1             1           0.5     0.7853982             0
		35.0376
		235             0             0        -117.5           234             1             1           0.5     0.7853982             0
		35.188
		236             0             0          -118           235             1             1           0.5     0.7853982             0
		35.3383
		237             0             0        -118.5           236             1             1           0.5     0.7853982             0
		35.4887
		238             0             0          -119           237             1             1           0.5     0.7853982             0
		35.6391
		239             0             0        -119.5           238             1             1           0.5     0.7853982             0
		35.7895
		240             0             0          -120           239             1             1           0.5     0.7853982             0
		35.9398
		241             0             0        -120.5           240             1             1           0.5     0.7853982             0
		36.0902
		242             0             0          -121           241             1             1           0.5     0.7853982             0
		36.2406
		243             0             0        -121.5           242             1             1           0.5     0.7853982             0
		36.391
		244             0             0          -122           243             1             1           0.5     0.7853982             0
		36.5414
		245             0             0        -122.5           244             1             1           0.5     0.7853982             0
		36.6917
		246             0             0          -123           245             1             1           0.5     0.7853982             0
		36.8421
		247             0             0        -123.5           246             1             1           0.5     0.7853982             0
		36.9925
		248             0             0          -124           247             1             1           0.5     0.7853982             0
		37.1429
		249             0             0        -124.5           248             1             1           0.5     0.7853982             0
		37.2932
		250             0             0          -125           249             1             1           0.5     0.7853982             0
		37.4436
		251             0             0        -125.5           250             1             1           0.5     0.7853982             0
		37.594
		252             0             0          -126           251             1             1           0.5     0.7853982             0
		37.7444
		253             0             0        -126.5           252             1             1           0.5     0.7853982             0
		37.8947
		254             0             0          -127           253             1             1           0.5     0.7853982             0
		38.0451
		255             0             0        -127.5           254             1             1           0.5     0.7853982             0
		38.1955
		256             0             0          -128           255             1             1           0.5     0.7853982             0
		38.3459
		257             0             0        -128.5           256             1             1           0.5     0.7853982             0
		38.4962
		258             0             0          -129           257             1             1           0.5     0.7853982             0
		38.6466
		259             0             0        -129.5           258             1             1           0.5     0.7853982             0
		38.797
		260             0             0          -130           259             1             1           0.5     0.7853982             0
		38.9474
		261             0             0        -130.5           260             1             1           0.5     0.7853982             0
		39.0977
		262             0             0          -131           261             1             1           0.5     0.7853982             0
		39.2481
		263             0             0        -131.5           262             1             1           0.5     0.7853982             0
		39.3985
		264             0             0          -132           263             1             1           0.5     0.7853982             0
		39.5489
		265             0             0        -132.5           264             1             1           0.5     0.7853982             0
		39.6992
		266             0             0          -133           265             1             1           0.5     0.7853982             0
		39.8496
		267             0             0        -133.5           266             1             1           0.5     0.7853982             0
		40
		268             0             0          -134           267             1             1           0.5     0.7853982             0
		40.1504
		269             0             0        -134.5           268             1             1           0.5     0.7853982             0
		40.3008
		270             0             0          -135           269             1             1           0.5     0.7853982             0
		40.4511
		271             0             0        -135.5           270             1             1           0.5     0.7853982             0
		40.6015
		272             0             0          -136           271             1             1           0.5     0.7853982             0
		40.7519
		273             0             0        -136.5           272             1             1           0.5     0.7853982             0
		40.9023
		274             0             0          -137           273             1             1           0.5     0.7853982             0
		41.0526
		275             0             0        -137.5           274             1             1           0.5     0.7853982             0
		41.203
		276             0             0          -138           275             1             1           0.5     0.7853982             0
		41.3534
		277             0             0        -138.5           276             1             1           0.5     0.7853982             0
		41.5038
		278             0             0          -139           277             1             1           0.5     0.7853982             0
		41.6541
		279             0             0        -139.5           278             1             1           0.5     0.7853982             0
		41.8045
		280             0             0          -140           279             1             1           0.5     0.7853982             0
		41.9549
		281             0             0        -140.5           280             1             1           0.5     0.7853982             0
		42.1053
		282             0             0          -141           281             1             1           0.5     0.7853982             0
		42.2556
		283             0             0        -141.5           282             1             1           0.5     0.7853982             0
		42.406
		284             0             0          -142           283             1             1           0.5     0.7853982             0
		42.5564
		285             0             0        -142.5           284             1             1           0.5     0.7853982             0
		42.7068
		286             0             0          -143           285             1             1           0.5     0.7853982             0
		42.8571
		287             0             0        -143.5           286             1             1           0.5     0.7853982             0
		43.0075
		288             0             0          -144           287             1             1           0.5     0.7853982             0
		43.1579
		289             0             0        -144.5           288             1             1           0.5     0.7853982             0
		43.3083
		290             0             0          -145           289             1             1           0.5     0.7853982             0
		43.4586
		291             0             0        -145.5           290             1             1           0.5     0.7853982             0
		43.609
		292             0             0          -146           291             1             1           0.5     0.7853982             0
		43.7594
		293             0             0        -146.5           292             1             1           0.5     0.7853982             0
		43.9098
		294             0             0          -147           293             1             1           0.5     0.7853982             0
		44.0602
		295             0             0        -147.5           294             1             1           0.5     0.7853982             0
		44.2105
		296             0             0          -148           295             1             1           0.5     0.7853982             0
		44.3609
		297             0             0        -148.5           296             1             1           0.5     0.7853982             0
		44.5113
		298             0             0          -149           297             1             1           0.5     0.7853982             0
		44.6617
		299             0             0        -149.5           298             1             1           0.5     0.7853982             0
		44.812
		300             0             0          -150           299             1             1           0.5     0.7853982             0
		44.9624
		301             0             0        -150.5           300             1             1           0.5     0.7853982             0
		45.1128
		302             0             0          -151           301             1             1           0.5     0.7853982             0
		45.2632
		303             0             0        -151.5           302             1             1           0.5     0.7853982             0
		45.4135
		304             0             0          -152           303             1             1           0.5     0.7853982             0
		45.5639
		305             0             0        -152.5           304             1             1           0.5     0.7853982             0
		45.7143
		306             0             0          -153           305             1             1           0.5     0.7853982             0
		45.8647
		307             0             0        -153.5           306             1             1           0.5     0.7853982             0
		46.015
		308             0             0          -154           307             1             1           0.5     0.7853982             0
		46.1654
		309             0             0        -154.5           308             1             1           0.5     0.7853982             0
		46.3158
		310             0             0          -155           309             1             1           0.5     0.7853982             0
		46.4662
		311             0             0        -155.5           310             1             1           0.5     0.7853982             0
		46.6165
		312             0             0          -156           311             1             1           0.5     0.7853982             0
		46.7669
		313             0             0        -156.5           312             1             1           0.5     0.7853982             0
		46.9173
		314             0             0          -157           313             1             1           0.5     0.7853982             0
		47.0677
		315             0             0        -157.5           314             1             1           0.5     0.7853982             0
		47.218
		316             0             0          -158           315             1             1           0.5     0.7853982             0
		47.3684
		317             0             0        -158.5           316             1             1           0.5     0.7853982             0
		47.5188
		318             0             0          -159           317             1             1           0.5     0.7853982             0
		47.6692
		319             0             0        -159.5           318             1             1           0.5     0.7853982             0
		47.8195
		320             0             0          -160           319             1             1           0.5     0.7853982             0
		47.9699
		321             0             0        -160.5           320             1             1           0.5     0.7853982             0
		48.1203
		322             0             0          -161           321             1             1           0.5     0.7853982             0
		48.2707
		323             0             0        -161.5           322             1             1           0.5     0.7853982             0
		48.4211
		324             0             0          -162           323             1             1           0.5     0.7853982             0
		48.5714
		325             0             0        -162.5           324             1             1           0.5     0.7853982             0
		48.7218
		326             0             0          -163           325             1             1           0.5     0.7853982             0
		48.8722
		327             0             0        -163.5           326             1             1           0.5     0.7853982             0
		49.0226
		328             0             0          -164           327             1             1           0.5     0.7853982             0
		49.1729
		329             0             0        -164.5           328             1             1           0.5     0.7853982             0
		49.3233
		330             0             0          -165           329             1             1           0.5     0.7853982             0
		49.4737
		331             0             0        -165.5           330             1             1           0.5     0.7853982             0
		49.6241
		332             0             0          -166           331             1             1           0.5     0.7853982             0
		49.7744
		333             0             0        -166.5           332             1             1           0.5     0.7853982             0
		49.9248
		334             0             0          -167           333             1             1           0.5     0.7853982             0
		50.0752
		335             0             0        -167.5           334             1             1           0.5     0.7853982             0
		50.2256
		336             0             0          -168           335             1             1           0.5     0.7853982             0
		50.3759
		337             0             0        -168.5           336             1             1           0.5     0.7853982             0
		50.5263
		338             0             0          -169           337             1             1           0.5     0.7853982             0
		50.6767
		339             0             0        -169.5           338             1             1           0.5     0.7853982             0
		50.8271
		340             0             0          -170           339             1             1           0.5     0.7853982             0
		50.9774
		341             0             0        -170.5           340             1             1           0.5     0.7853982             0
		51.1278
		342             0             0          -171           341             1             1           0.5     0.7853982             0
		51.2782
		343             0             0        -171.5           342             1             1           0.5     0.7853982             0
		51.4286
		344             0             0          -172           343             1             1           0.5     0.7853982             0
		51.5789
		345             0             0        -172.5           344             1             1           0.5     0.7853982             0
		51.7293
		346             0             0          -173           345             1             1           0.5     0.7853982             0
		51.8797
		347             0             0        -173.5           346             1             1           0.5     0.7853982             0
		52.0301
		348             0             0          -174           347             1             1           0.5     0.7853982             0
		52.1805
		349             0             0        -174.5           348             1             1           0.5     0.7853982             0
		52.3308
		350             0             0          -175           349             1             1           0.5     0.7853982             0
		52.4812
		351             0             0        -175.5           350             1             1           0.5     0.7853982             0
		52.6316
		352             0             0          -176           351             1             1           0.5     0.7853982             0
		52.782
		353             0             0        -176.5           352             1             1           0.5     0.7853982             0
		52.9323
		354             0             0          -177           353             1             1           0.5     0.7853982             0
		53.0827
		355             0             0        -177.5           354             1             1           0.5     0.7853982             0
		53.2331
		356             0             0          -178           355             1             1           0.5     0.7853982             0
		53.3835
		357             0             0        -178.5           356             1             1           0.5     0.7853982             0
		53.5338
		358             0             0          -179           357             1             1           0.5     0.7853982             0
		53.6842
		359             0             0        -179.5           358             1             1           0.5     0.7853982             0
		53.8346
		360             0             0          -180           359             1             1           0.5     0.7853982             0
		53.985
		361             0             0        -180.5           360             1             1           0.5     0.7853982             0
		54.1353
		362             0             0          -181           361             1             1           0.5     0.7853982             0
		54.2857
		363             0             0        -181.5           362             1             1           0.5     0.7853982             0
		54.4361
		364             0             0          -182           363             1             1           0.5     0.7853982             0
		54.5865
		365             0             0        -182.5           364             1             1           0.5     0.7853982             0
		54.7368
		366             0             0          -183           365             1             1           0.5     0.7853982             0
		54.8872
		367             0             0        -183.5           366             1             1           0.5     0.7853982             0
		55.0376
		368             0             0          -184           367             1             1           0.5     0.7853982             0
		55.188
		369             0             0        -184.5           368             1             1           0.5     0.7853982             0
		55.3383
		370             0             0          -185           369             1             1           0.5     0.7853982             0
		55.4887
		371             0             0        -185.5           370             1             1           0.5     0.7853982             0
		55.6391
		372             0             0          -186           371             1             1           0.5     0.7853982             0
		55.7895
		373             0             0        -186.5           372             1             1           0.5     0.7853982             0
		55.9398
		374             0             0          -187           373             1             1           0.5     0.7853982             0
		56.0902
		375             0             0        -187.5           374             1             1           0.5     0.7853982             0
		56.2406
		376             0             0          -188           375             1             1           0.5     0.7853982             0
		56.391
		377             0             0        -188.5           376             1             1           0.5     0.7853982             0
		56.5414
		378             0             0          -189           377             1             1           0.5     0.7853982             0
		56.6917
		379             0             0        -189.5           378             1             1           0.5     0.7853982             0
		56.8421
		380             0             0          -190           379             1             1           0.5     0.7853982             0
		56.9925
		381             0             0        -190.5           380             1             1           0.5     0.7853982             0
		57.1429
		382             0             0          -191           381             1             1           0.5     0.7853982             0
		57.2932
		383             0             0        -191.5           382             1             1           0.5     0.7853982             0
		57.4436
		384             0             0          -192           383             1             1           0.5     0.7853982             0
		57.594
		385             0             0        -192.5           384             1             1           0.5     0.7853982             0
		57.7444
		386             0             0          -193           385             1             1           0.5     0.7853982             0
		57.8947
		387             0             0        -193.5           386             1             1           0.5     0.7853982             0
		58.0451
		388             0             0          -194           387             1             1           0.5     0.7853982             0
		58.1955
		389             0             0        -194.5           388             1             1           0.5     0.7853982             0
		58.3459
		390             0             0          -195           389             1             1           0.5     0.7853982             0
		58.4962
		391             0             0        -195.5           390             1             1           0.5     0.7853982             0
		58.6466
		392             0             0          -196           391             1             1           0.5     0.7853982             0
		58.797
		393             0             0        -196.5           392             1             1           0.5     0.7853982             0
		58.9474
		394             0             0          -197           393             1             1           0.5     0.7853982             0
		59.0977
		395             0             0        -197.5           394             1             1           0.5     0.7853982             0
		59.2481
		396             0             0          -198           395             1             1           0.5     0.7853982             0
		59.3985
		397             0             0        -198.5           396             1             1           0.5     0.7853982             0
		59.5489
		398             0             0          -199           397             1             1           0.5     0.7853982             0
		59.6992
		399             0             0        -199.5           398             1             1           0.5     0.7853982             0
		59.8496
		400             0             0          -200           399             1             1           0.5     0.7853982             0
		60

Total # of growing branch tips:
		1

tipID#    xg          yg          zg      sg.bhd.tp. ord  br#  tot.br.lgth. axs#
overlength  # of estblished points
time of establishing (-->)
		1             0             0       -200.01           400             1             1           200             0
		0  0
