Time:
		60

Number of seeds
		1

ID, X and Y coordinates of the seeds (one per line)
		1  0  0

Root DM, shoot DM, leaf area:
		0  0  0

Average soil strength and solute concentration experienced by root system:
		0  0

Total # of axes:
		1

Total # of branches, including axis(es):
		4

Total # of segment records:
		400

segID#    x          y          z      prev or  br#  length   surface  mass
origination time
		1           0           0        -0.5           0           1           1         0.5     0.15708           0
		0
		2           0           0          -1           1           1           1         0.5     0.15708           0
		0.60606
		3           0           0        -1.5           2           1           1         0.5     0.15708           0
		1.2121
		4           0           0          -2           3           1           1         0.5     0.15708           0
		1.8182
		5           0           0        -2.5           4           1           1         0.5     0.15708           0
		2.4242
		6           0           0          -3           5           1           1         0.5     0.15708           0
		3.0303
		7           0           0        -3.5           6           1           1         0.5     0.15708           0
		3.6364
		8           0           0          -4           7           1           1         0.5     0.15708           0
		4.2424
		9           0           0        -4.5           8           1           1         0.5     0.15708           0
		4.8485
		10            0            0           -5            9            1            1          0.5      0.15708            0
		5.4545
		11            0            0         -5.5           10            1            1          0.5      0.15708            0
		6.0606
		12            0            0           -6           11            1            1          0.5      0.15708            0
		6.6667
		13            0            0         -6.5           12            1            1          0.5      0.15708            0
		7.2727
		14            0            0           -7           13            1            1          0.5      0.15708            0
		7.8788
		15            0            0         -7.5           14            1            1          0.5      0.15708            0
		8.4848
		16            0            0           -8           15            1            1          0.5      0.15708            0
		9.0909
		17            0            0         -8.5           16            1            1          0.5      0.15708            0
		9.697
		18            0            0           -9           17            1            1          0.5      0.15708            0
		10.303
		19            0            0         -9.5           18            1            1          0.5      0.15708            0
		10.9091
		20            0            0          -10           19            1            1          0.5      0.15708            0
		11.5152
		21            0            0        -10.5           20            1            1          0.5      0.15708            0
		12.1212
		22            0            0          -11           21            1            1          0.5      0.15708            0
		12.7273
		23            0            0        -11.5           22            1            1          0.5      0.15708            0
		13.3333
		24            0            0          -12           23            1            1          0.5      0.15708            0
		13.9394
		25            0            0        -12.5           24            1            1          0.5      0.15708            0
		14.5455
		26            0            0          -13           25            1            1          0.5      0.15708            0
		15.1515
		27            0            0        -13.5           26            1            1          0.5      0.15708            0
		15.7576
		28            0            0          -14           27            1            1          0.5      0.15708            0
		16.3636
		29            0            0        -14.5           28            1            1          0.5      0.15708            0
		16.9697
		30            0            0          -15           29            1            1          0.5      0.15708            0
		17.5758
		31            0            0        -15.5           30            1            1          0.5      0.15708            0
		18.1818
		32            0            0          -16           31            1            1          0.5      0.15708            0
		18.7879
		33            0            0        -16.5           32            1            1          0.5      0.15708            0
		19.3939
		34            0            0          -17           33            1            1          0.5      0.15708            0
		20
		35            0            0        -17.5           34            1            1          0.5      0.15708            0
		20.6061
		36            0            0          -18           35            1            1          0.5      0.15708            0
		21.2121
		37            0            0        -18.5           36            1            1          0.5      0.15708            0
		21.8182
		38            0            0          -19           37            1            1          0.5      0.15708            0
		22.4242
		39            0            0        -19.5           38            1            1          0.5      0.15708            0
		23.0303
		40            0            0          -20           39            1            1          0.5      0.15708            0
		23.6364
		41            0            0        -20.5           40            1            1          0.5      0.15708            0
		24.2424
		42            0            0          -21           41            1            1          0.5      0.15708            0
		24.8485
		43            0            0        -21.5           42            1            1          0.5      0.15708            0
		25.4545
		44            0            0          -22           43            1            1          0.5      0.15708            0
		26.0606
		45            0            0        -22.5           44            1            1          0.5      0.15708            0
		26.6667
		46            0            0          -23           45            1            1          0.5      0.15708            0
		27.2727
		47            0            0        -23.5           46            1            1          0.5      0.15708            0
		27.8788
		48            0            0          -24           47            1            1          0.5      0.15708            0
		28.4848
		49            0            0        -24.5           48            1            1          0.5      0.15708            0
		29.0909
		50            0            0          -25           49            1            1          0.5      0.15708            0
		29.697
		51            0            0        -25.5           50            1            1          0.5      0.15708            0
		30.303
		52            0            0          -26           51            1            1          0.5      0.15708            0
		30.9091
		53            0            0        -26.5           52            1            1          0.5      0.15708            0
		31.5152
		54            0            0          -27           53            1            1          0.5      0.15708            0
		32.1212
		55            0            0        -27.5           54            1            1          0.5      0.15708            0
		32.7273
		56            0            0          -28           55            1            1          0.5      0.15708            0
		33.3333
		57            0            0        -28.5           56            1            1          0.5      0.15708            0
		33.9394
		58            0            0          -29           57            1            1          0.5      0.15708            0
		34.5455
		59            0            0        -29.5           58            1            1          0.5      0.15708            0
		35.1515
		60            0            0          -30           59            1            1          0.5      0.15708            0
		35.7576
		61            0            0        -30.5           60            1            1          0.5      0.15708            0
		36.3636
		62            0            0          -31           61            1            1          0.5      0.15708            0
		36.9697
		63            0            0        -31.5           62            1            1          0.5      0.15708            0
		37.5758
		64            0            0          -32           63            1            1          0.5      0.15708            0
		38.1818
		65            0            0        -32.5           64            1            1          0.5      0.15708            0
		38.7879
		66            0            0          -33           65            1            1          0.5      0.15708            0
		39.3939
		67            0            0        -33.5           66            1            1          0.5      0.15708            0
		40
		68            0            0          -34           67            1            1          0.5      0.15708            0
		40.6061
		69            0            0        -34.5           68            1            1          0.5      0.15708            0
		41.2121
		70            0            0          -35           69            1            1          0.5      0.15708            0
		41.8182
		71            0            0        -35.5           70            1            1          0.5      0.15708            0
		42.4242
		72            0            0          -36           71            1            1          0.5      0.15708            0
		43.0303
		73            0            0        -36.5           72            1            1          0.5      0.15708            0
		43.6364
		74            0            0          -37           73            1            1          0.5      0.15708            0
		44.2424
		75            0            0        -37.5           74            1            1          0.5      0.15708            0
		44.8485
		76            0            0          -38           75            1            1          0.5      0.15708            0
		45.4545
		77            0            0        -38.5           76            1            1          0.5      0.15708            0
		46.0606
		78            0            0          -39           77            1            1          0.5      0.15708            0
		46.6667
		79            0            0        -39.5           78            1            1          0.5      0.15708            0
		47.2727
		80            0            0          -40           79            1            1          0.5      0.15708            0
		47.8788
		81            0            0        -40.5           80            1            1          0.5      0.15708            0
		48.4848
		82            0            0          -41           81            1            1          0.5      0.15708            0
		49.0909
		83            0            0        -41.5           82            1            1          0.5      0.15708            0
		49.697
		84            0            0          -42           83            1            1          0.5      0.15708            0
		50.303
		85            0            0        -42.5           84            1            1          0.5      0.15708            0
		50.9091
		86            0            0          -43           85            1            1          0.5      0.15708            0
		51.5152
		87            0            0        -43.5           86            1            1          0.5      0.15708            0
		52.1212
		88            0            0          -44           87            1            1          0.5      0.15708            0
		52.7273
		89            0            0        -44.5           88            1            1          0.5      0.15708            0
		53.3333
		90            0            0          -45           89            1            1          0.5      0.15708            0
		53.9394
		91            0            0        -45.5           90            1            1          0.5      0.15708            0
		54.5455
		92            0            0          -46           91            1            1          0.5      0.15708            0
		55.1515
		93            0            0        -46.5           92            1            1          0.5      0.15708            0
		55.7576
		94            0            0          -47           93            1            1          0.5      0.15708            0
		56.3636
		95            0            0        -47.5           94            1            1          0.5      0.15708            0
		56.9697
		96            0            0          -48           95            1            1          0.5      0.15708            0
		57.5758
		97            0            0        -48.5           96            1            1          0.5      0.15708            0
		58.1818
		98            0            0          -49           97            1            1          0.5      0.15708            0
		58.7879
		99            0            0        -49.5           98            1            1          0.5      0.15708            0
		59.3939
		100             0             0           -50            99             1             1           0.5     0.1570796             0
		60
		101             0             0          -0.5             0             1             2           0.5     0.1570796             0
		0
		102             0             0            -1           101             1             2           0.5     0.1570796             0
		0.60606
		103             0             0          -1.5           102             1             2           0.5     0.1570796             0
		1.2121
		104             0             0            -2           103             1             2           0.5     0.1570796             0
		1.8182
		105             0             0          -2.5           104             1             2           0.5     0.1570796             0
		2.4242
		106             0             0            -3           105             1             2           0.5     0.1570796             0
		3.0303
		107             0             0          -3.5           106             1             2           0.5     0.1570796             0
		3.6364
		108             0             0            -4           107             1             2           0.5     0.1570796             0
		4.2424
		109             0             0          -4.5           108             1             2           0.5     0.1570796             0
		4.8485
		110             0             0            -5           109             1             2           0.5     0.1570796             0
		5.4545
		111             0             0          -5.5           110             1             2           0.5     0.1570796             0
		6.0606
		112             0             0            -6           111             1             2           0.5     0.1570796             0
		6.6667
		113             0             0          -6.5           112             1             2           0.5     0.1570796             0
		7.2727
		114             0             0            -7           113             1             2           0.5     0.1570796             0
		7.8788
		115             0             0          -7.5           114             1             2           0.5     0.1570796             0
		8.4848
		116             0             0            -8           115             1             2           0.5     0.1570796             0
		9.0909
		117             0             0          -8.5           116             1             2           0.5     0.1570796             0
		9.697
		118             0             0            -9           117             1             2           0.5     0.1570796             0
		10.303
		119             0             0          -9.5           118             1             2           0.5     0.1570796             0
		10.9091
		120             0             0           -10           119             1             2           0.5     0.1570796             0
		11.5152
		121             0             0         -10.5           120             1             2           0.5     0.1570796             0
		12.1212
		122             0             0           -11           121             1             2           0.5     0.1570796             0
		12.7273
		123             0             0         -11.5           122             1             2           0.5     0.1570796             0
		13.3333
		124             0             0           -12           123             1             2           0.5     0.1570796             0
		13.9394
		125             0             0         -12.5           124             1             2           0.5     0.1570796             0
		14.5455
		126             0             0           -13           125             1             2           0.5     0.1570796             0
		15.1515
		127             0             0         -13.5           126             1             2           0.5     0.1570796             0
		15.7576
		128             0             0           -14           127             1             2           0.5     0.1570796             0
		16.3636
		129             0             0         -14.5           128             1             2           0.5     0.1570796             0
		16.9697
		130             0             0           -15           129             1             2           0.5     0.1570796             0
		17.5758
		131             0             0         -15.5           130             1             2           0.5     0.1570796             0
		18.1818
		132             0             0           -16           131             1             2           0.5     0.1570796             0
		18.7879
		133             0             0         -16.5           132             1             2           0.5     0.1570796             0
		19.3939
		134             0             0           -17           133             1             2           0.5     0.1570796             0
		20
		135             0             0         -17.5           134             1             2           0.5     0.1570796             0
		20.6061
		136             0             0           -18           135             1             2           0.5     0.1570796             0
		21.2121
		137             0             0         -18.5           136             1             2           0.5     0.1570796             0
		21.8182
		138             0             0           -19           137             1             2           0.5     0.1570796             0
		22.4242
		139             0             0         -19.5           138             1             2           0.5     0.1570796             0
		23.0303
		140             0             0           -20           139             1             2           0.5     0.1570796             0
		23.6364
		141             0             0         -20.5           140             1             2           0.5     0.1570796             0
		24.2424
		142             0             0           -21           141             1             2           0.5     0.1570796             0
		24.8485
		143             0             0         -21.5           142             1             2           0.5     0.1570796             0
		25.4545
		144             0             0           -22           143             1             2           0.5     0.1570796             0
		26.0606
		145             0             0         -22.5           144             1             2           0.5     0.1570796             0
		26.6667
		146             0             0           -23           145             1             2           0.5     0.1570796             0
		27.2727
		147             0             0         -23.5           146             1             2           0.5     0.1570796             0
		27.8788
		148             0             0           -24           147             1             2           0.5     0.1570796             0
		28.4848
		149             0             0         -24.5           148             1             2           0.5     0.1570796             0
		29.0909
		150             0             0           -25           149             1             2           0.5     0.1570796             0
		29.697
		151             0             0         -25.5           150             1             2           0.5     0.1570796             0
		30.303
		152             0             0           -26           151             1             2           0.5     0.1570796             0
		30.9091
		153             0             0         -26.5           152             1             2           0.5     0.1570796             0
		31.5152
		154             0             0           -27           153             1             2           0.5     0.1570796             0
		32.1212
		155             0             0         -27.5           154             1             2           0.5     0.1570796             0
		32.7273
		156             0             0           -28           155             1             2           0.5     0.1570796             0
		33.3333
		157             0             0         -28.5           156             1             2           0.5     0.1570796             0
		33.9394
		158             0             0           -29           157             1             2           0.5     0.1570796             0
		34.5455
		159             0             0         -29.5           158             1             2           0.5     0.1570796             0
		35.1515
		160             0             0           -30           159             1             2           0.5     0.1570796             0
		35.7576
		161             0             0         -30.5           160             1             2           0.5     0.1570796             0
		36.3636
		162             0             0           -31           161             1             2           0.5     0.1570796             0
		36.9697
		163             0             0         -31.5           162             1             2           0.5     0.1570796             0
		37.5758
		164             0             0           -32           163             1             2           0.5     0.1570796             0
		38.1818
		165             0             0         -32.5           164             1             2           0.5     0.1570796             0
		38.7879
		166             0             0           -33           165             1             2           0.5     0.1570796             0
		39.3939
		167             0             0         -33.5           166             1             2           0.5     0.1570796             0
		40
		168             0             0           -34           167             1             2           0.5     0.1570796             0
		40.6061
		169             0             0         -34.5           168             1             2           0.5     0.1570796             0
		41.2121
		170             0             0           -35           169             1             2           0.5     0.1570796             0
		41.8182
		171             0             0         -35.5           170             1             2           0.5     0.1570796             0
		42.4242
		172             0             0           -36           171             1             2           0.5     0.1570796             0
		43.0303
		173             0             0         -36.5           172             1             2           0.5     0.1570796             0
		43.6364
		174             0             0           -37           173             1             2           0.5     0.1570796             0
		44.2424
		175             0             0         -37.5           174             1             2           0.5     0.1570796             0
		44.8485
		176             0             0           -38           175             1             2           0.5     0.1570796             0
		45.4545
		177             0             0         -38.5           176             1             2           0.5     0.1570796             0
		46.0606
		178             0             0           -39           177             1             2           0.5     0.1570796             0
		46.6667
		179             0             0         -39.5           178             1             2           0.5     0.1570796             0
		47.2727
		180             0             0           -40           179             1             2           0.5     0.1570796             0
		47.8788
		181             0             0         -40.5           180             1             2           0.5     0.1570796             0
		48.4848
		182             0             0           -41           181             1             2           0.5     0.1570796             0
		49.0909
		183             0             0         -41.5           182             1             2           0.5     0.1570796             0
		49.697
		184             0             0           -42           183             1             2           0.5     0.1570796             0
		50.303
		185             0             0         -42.5           184             1             2           0.5     0.1570796             0
		50.9091
		186             0             0           -43           185             1             2           0.5     0.1570796             0
		51.5152
		187             0             0         -43.5           186             1             2           0.5     0.1570796             0
		52.1212
		188             0             0           -44           187             1             2           0.5     0.1570796             0
		52.7273
		189             0             0         -44.5           188             1             2           0.5     0.1570796             0
		53.3333
		190             0             0           -45           189             1             2           0.5     0.1570796             0
		53.9394
		191             0             0         -45.5           190             1             2           0.5     0.1570796             0
		54.5455
		192             0             0           -46           191             1             2           0.5     0.1570796             0
		55.1515
		193             0             0         -46.5           192             1             2           0.5     0.1570796             0
		55.7576
		194             0             0           -47           193             1             2           0.5     0.1570796             0
		56.3636
		195             0             0         -47.5           194             1             2           0.5     0.1570796             0
		56.9697
		196             0             0           -48           195             1             2           0.5     0.1570796             0
		57.5758
		197             0             0         -48.5           196             1             2           0.5     0.1570796             0
		58.1818
		198             0             0           -49           197             1             2           0.5     0.1570796             0
		58.7879
		199             0             0         -49.5           198             1             2           0.5     0.1570796             0
		59.3939
		200             0             0           -50           199             1             2           0.5     0.1570796             0
		60
		201             0             0          -0.5             0             1             3           0.5     0.1570796             0
		0
		202             0             0            -1           201             1             3           0.5     0.1570796             0
		0.60606
		203             0             0          -1.5           202             1             3           0.5     0.1570796             0
		1.2121
		204             0             0            -2           203             1             3           0.5     0.1570796             0
		1.8182
		205             0             0          -2.5           204             1             3           0.5     0.1570796             0
		2.4242
		206             0             0            -3           205             1             3           0.5     0.1570796             0
		3.0303
		207             0             0          -3.5           206             1             3           0.5     0.1570796             0
		3.6364
		208             0             0            -4           207             1             3           0.5     0.1570796             0
		4.2424
		209             0             0          -4.5           208             1             3           0.5     0.1570796             0
		4.8485
		210             0             0            -5           209             1             3           0.5     0.1570796             0
		5.4545
		211             0             0          -5.5           210             1             3           0.5     0.1570796             0
		6.0606
		212             0             0            -6           211             1             3           0.5     0.1570796             0
		6.6667
		213             0             0          -6.5           212             1             3           0.5     0.1570796             0
		7.2727
		214             0             0            -7           213             1             3           0.5     0.1570796             0
		7.8788
		215             0             0          -7.5           214             1             3           0.5     0.1570796             0
		8.4848
		216             0             0            -8           215             1             3           0.5     0.1570796             0
		9.0909
		217             0             0          -8.5           216             1             3           0.5     0.1570796             0
		9.697
		218             0             0            -9           217             1             3           0.5     0.1570796             0
		10.303
		219             0             0          -9.5           218             1             3           0.5     0.1570796             0
		10.9091
		220             0             0           -10           219             1             3           0.5     0.1570796             0
		11.5152
		221             0             0         -10.5           220             1             3           0.5     0.1570796             0
		12.1212
		222             0             0           -11           221             1             3           0.5     0.1570796             0
		12.7273
		223             0             0         -11.5           222             1             3           0.5     0.1570796             0
		13.3333
		224             0             0           -12           223             1             3           0.5     0.1570796             0
		13.9394
		225             0             0         -12.5           224             1             3           0.5     0.1570796             0
		14.5455
		226             0             0           -13           225             1             3           0.5     0.1570796             0
		15.1515
		227             0             0         -13.5           226             1             3           0.5     0.1570796             0
		15.7576
		228             0             0           -14           227             1             3           0.5     0.1570796             0
		16.3636
		229             0             0         -14.5           228             1             3           0.5     0.1570796             0
		16.9697
		230             0             0           -15           229             1             3           0.5     0.1570796             0
		17.5758
		231             0             0         -15.5           230             1             3           0.5     0.1570796             0
		18.1818
		232             0             0           -16           231             1             3           0.5     0.1570796             0
		18.7879
		233             0             0         -16.5           232             1             3           0.5     0.1570796             0
		19.3939
		234             0             0           -17           233             1             3           0.5     0.1570796             0
		20
		235             0             0         -17.5           234             1             3           0.5     0.1570796             0
		20.6061
		236             0             0           -18           235             1             3           0.5     0.1570796             0
		21.2121
		237             0             0         -18.5           236             1             3           0.5     0.1570796             0
		21.8182
		238             0             0           -19           237             1             3           0.5     0.1570796             0
		22.4242
		239             0             0         -19.5           238             1             3           0.5     0.1570796             0
		23.0303
		240             0             0           -20           239             1             3           0.5     0.1570796             0
		23.6364
		241             0             0         -20.5           240             1             3           0.5     0.1570796             0
		24.2424
		242             0             0           -21           241             1             3           0.5     0.1570796             0
		24.8485
		243             0             0         -21.5           242             1             3           0.5     0.1570796             0
		25.4545
		244             0             0           -22           243             1             3           0.5     0.1570796             0
		26.0606
		245             0             0         -22.5           244             1             3           0.5     0.1570796             0
		26.6667
		246             0             0           -23           245             1             3           0.5     0.1570796             0
		27.2727
		247             0             0         -23.5           246             1             3           0.5     0.1570796             0
		27.8788
		248             0             0           -24           247             1             3           0.5     0.1570796             0
		28.4848
		249             0             0         -24.5           248             1             3           0.5     0.1570796             0
		29.0909
		250             0             0           -25           249             1             3           0.5     0.1570796             0
		29.697
		251             0             0         -25.5           250             1             3           0.5     0.1570796             0
		30.303
		252             0             0           -26           251             1             3           0.5     0.1570796             0
		30.9091
		253             0             0         -26.5           252             1             3           0.5     0.1570796             0
		31.5152
		254             0             0           -27           253             1             3           0.5     0.1570796             0
		32.1212
		255             0             0         -27.5           254             1             3           0.5     0.1570796             0
		32.7273
		256             0             0           -28           255             1             3           0.5     0.1570796             0
		33.3333
		257             0             0         -28.5           256             1             3           0.5     0.1570796             0
		33.9394
		258             0             0           -29           257             1             3           0.5     0.1570796             0
		34.5455
		259             0             0         -29.5           258             1             3           0.5     0.1570796             0
		35.1515
		260             0             0           -30           259             1             3           0.5     0.1570796             0
		35.7576
		261             0             0         -30.5           260             1             3           0.5     0.1570796             0
		36.3636
		262             0             0           -31           261             1             3           0.5     0.1570796             0
		36.9697
		263             0             0         -31.5           262             1             3           0.5     0.1570796             0
		37.5758
		264             0             0           -32           263             1             3           0.5     0.1570796             0
		38.1818
		265             0             0         -32.5           264             1             3           0.5     0.1570796             0
		38.7879
		266             0             0           -33           265             1             3           0.5     0.1570796             0
		39.3939
		267             0             0         -33.5           266             1             3           0.5     0.1570796             0
		40
		268             0             0           -34           267             1             3           0.5     0.1570796             0
		40.6061
		269             0             0         -34.5           268             1             3           0.5     0.1570796             0
		41.2121
		270             0             0           -35           269             1             3           0.5     0.1570796             0
		41.8182
		271             0             0         -35.5           270             1             3           0.5     0.1570796             0
		42.4242
		272             0             0           -36           271             1             3           0.5     0.1570796             0
		43.0303
		273             0             0         -36.5           272             1             3           0.5     0.1570796             0
		43.6364
		274             0             0           -37           273             1             3           0.5     0.1570796             0
		44.2424
		275             0             0         -37.5           274             1             3           0.5     0.1570796             0
		44.8485
		276             0             0           -38           275             1             3           0.5     0.1570796             0
		45.4545
		277             0             0         -38.5           276             1             3           0.5     0.1570796             0
		46.0606
		278             0             0           -39           277             1             3           0.5     0.1570796             0
		46.6667
		279             0             0         -39.5           278             1             3           0.5     0.1570796             0
		47.2727
		280             0             0           -40           279             1             3           0.5     0.1570796             0
		47.8788
		281             0             0         -40.5           280             1             3           0.5     0.1570796             0
		48.4848
		282             0             0           -41           281             1             3           0.5     0.1570796             0
		49.0909
		283             0             0         -41.5           282             1             3           0.5     0.1570796             0
		49.697
		284             0             0           -42           283             1             3           0.5     0.1570796             0
		50.303
		285             0             0         -42.5           284             1             3           0.5     0.1570796             0
		50.9091
		286             0             0           -43           285             1             3           0.5     0.1570796             0
		51.5152
		287             0             0         -43.5           286             1             3           0.5     0.1570796             0
		52.1212
		288             0             0           -44           287             1             3           0.5     0.1570796             0
		52.7273
		289             0             0         -44.5           288             1             3           0.5     0.1570796             0
		53.3333
		290             0             0           -45           289             1             3           0.5     0.1570796             0
		53.9394
		291             0             0         -45.5           290             1             3           0.5     0.1570796             0
		54.5455
		292             0             0           -46           291             1             3           0.5     0.1570796             0
		55.1515
		293             0             0         -46.5           292             1             3           0.5     0.1570796             0
		55.7576
		294             0             0           -47           293             1             3           0.5     0.1570796             0
		56.3636
		295             0             0         -47.5           294             1             3           0.5     0.1570796             0
		56.9697
		296             0             0           -48           295             1             3           0.5     0.1570796             0
		57.5758
		297             0             0         -48.5           296             1             3           0.5     0.1570796             0
		58.1818
		298             0             0           -49           297             1             3           0.5     0.1570796             0
		58.7879
		299             0             0         -49.5           298             1             3           0.5     0.1570796             0
		59.3939
		300             0             0           -50           299             1             3           0.5     0.1570796             0
		60
		301             0             0          -0.5             0             1             4           0.5     0.1570796             0
		0
		302             0             0            -1           301             1             4           0.5     0.1570796             0
		0.60606
		303             0             0          -1.5           302             1             4           0.5     0.1570796             0
		1.2121
		304             0             0            -2           303             1             4           0.5     0.1570796             0
		1.8182
		305             0             0          -2.5           304             1             4           0.5     0.1570796             0
		2.4242
		306             0             0            -3           305             1             4           0.5     0.1570796             0
		3.0303
		307             0             0          -3.5           306             1             4           0.5     0.1570796             0
		3.6364
		308             0             0            -4           307             1             4           0.5     0.1570796             0
		4.2424
		309             0             0          -4.5           308             1             4           0.5     0.1570796             0
		4.8485
		310             0             0            -5           309             1             4           0.5     0.1570796             0
		5.4545
		311             0             0          -5.5           310             1             4           0.5     0.1570796             0
		6.0606
		312             0             0            -6           311             1             4           0.5     0.1570796             0
		6.6667
		313             0             0          -6.5           312             1             4           0.5     0.1570796             0
		7.2727
		314             0             0            -7           313             1             4           0.5     0.1570796             0
		7.8788
		315             0             0          -7.5           314             1             4           0.5     0.1570796             0
		8.4848
		316             0             0            -8           315             1             4           0.5     0.1570796             0
		9.0909
		317             0             0          -8.5           316             1             4           0.5     0.1570796             0
		9.697
		318             0             0            -9           317             1             4           0.5     0.1570796             0
		10.303
		319             0             0          -9.5           318             1             4           0.5     0.1570796             0
		10.9091
		320             0             0           -10           319             1             4           0.5     0.1570796             0
		11.5152
		321             0             0         -10.5           320             1             4           0.5     0.1570796             0
		12.1212
		322             0             0           -11           321             1             4           0.5     0.1570796             0
		12.7273
		323             0             0         -11.5           322             1             4           0.5     0.1570796             0
		13.3333
		324             0             0           -12           323             1             4           0.5     0.1570796             0
		13.9394
		325             0             0         -12.5           324             1             4           0.5     0.1570796             0
		14.5455
		326             0             0           -13           325             1             4           0.5     0.1570796             0
		15.1515
		327             0             0         -13.5           326             1             4           0.5     0.1570796             0
		15.7576
		328             0             0           -14           327             1             4           0.5     0.1570796             0
		16.3636
		329             0             0         -14.5           328             1             4           0.5     0.1570796             0
		16.9697
		330             0             0           -15           329             1             4           0.5     0.1570796             0
		17.5758
		331             0             0         -15.5           330             1             4           0.5     0.1570796             0
		18.1818
		332             0             0           -16           331             1             4           0.5     0.1570796             0
		18.7879
		333             0             0         -16.5           332             1             4           0.5     0.1570796             0
		19.3939
		334             0             0           -17           333             1             4           0.5     0.1570796             0
		20
		335             0             0         -17.5           334             1             4           0.5     0.1570796             0
		20.6061
		336             0             0           -18           335             1             4           0.5     0.1570796             0
		21.2121
		337             0             0         -18.5           336             1             4           0.5     0.1570796             0
		21.8182
		338             0             0           -19           337             1             4           0.5     0.1570796             0
		22.4242
		339             0             0         -19.5           338             1             4           0.5     0.1570796             0
		23.0303
		340             0             0           -20           339             1             4           0.5     0.1570796             0
		23.6364
		341             0             0         -20.5           340             1             4           0.5     0.1570796             0
		24.2424
		342             0             0           -21           341             1             4           0.5     0.1570796             0
		24.8485
		343             0             0         -21.5           342             1             4           0.5     0.1570796             0
		25.4545
		344             0             0           -22           343             1             4           0.5     0.1570796             0
		26.0606
		345             0             0         -22.5           344             1             4           0.5     0.1570796             0
		26.6667
		346             0             0           -23           345             1             4           0.5     0.1570796             0
		27.2727
		347             0             0         -23.5           346             1             4           0.5     0.1570796             0
		27.8788
		348             0             0           -24           347             1             4           0.5     0.1570796             0
		28.4848
		349             0             0         -24.5           348             1             4           0.5     0.1570796             0
		29.0909
		350             0             0           -25           349             1             4           0.5     0.1570796             0
		29.697
		351             0             0         -25.5           350             1             4           0.5     0.1570796             0
		30.303
		352             0             0           -26           351             1             4           0.5     0.1570796             0
		30.9091
		353             0             0         -26.5           352             1             4           0.5     0.1570796             0
		31.5152
		354             0             0           -27           353             1             4           0.5     0.1570796             0
		32.1212
		355             0             0         -27.5           354             1             4           0.5     0.1570796             0
		32.7273
		356             0             0           -28           355             1             4           0.5     0.1570796             0
		33.3333
		357             0             0         -28.5           356             1             4           0.5     0.1570796             0
		33.9394
		358             0             0           -29           357             1             4           0.5     0.1570796             0
		34.5455
		359             0             0         -29.5           358             1             4           0.5     0.1570796             0
		35.1515
		360             0             0           -30           359             1             4           0.5     0.1570796             0
		35.7576
		361             0             0         -30.5           360             1             4           0.5     0.1570796             0
		36.3636
		362             0             0           -31           361             1             4           0.5     0.1570796             0
		36.9697
		363             0             0         -31.5           362             1             4           0.5     0.1570796             0
		37.5758
		364             0             0           -32           363             1             4           0.5     0.1570796             0
		38.1818
		365             0             0         -32.5           364             1             4           0.5     0.1570796             0
		38.7879
		366             0             0           -33           365             1             4           0.5     0.1570796             0
		39.3939
		367             0             0         -33.5           366             1             4           0.5     0.1570796             0
		40
		368             0             0           -34           367             1             4           0.5     0.1570796             0
		40.6061
		369             0             0         -34.5           368             1             4           0.5     0.1570796             0
		41.2121
		370             0             0           -35           369             1             4           0.5     0.1570796             0
		41.8182
		371             0             0         -35.5           370             1             4           0.5     0.1570796             0
		42.4242
		372             0             0           -36           371             1             4           0.5     0.1570796             0
		43.0303
		373             0             0         -36.5           372             1             4           0.5     0.1570796             0
		43.6364
		374             0             0           -37           373             1             4           0.5     0.1570796             0
		44.2424
		375             0             0         -37.5           374             1             4           0.5     0.1570796             0
		44.8485
		376             0             0           -38           375             1             4           0.5     0.1570796             0
		45.4545
		377             0             0         -38.5           376             1             4           0.5     0.1570796             0
		46.0606
		378             0             0           -39           377             1             4           0.5     0.1570796             0
		46.6667
		379             0             0         -39.5           378             1             4           0.5     0.1570796             0
		47.2727
		380             0             0           -40           379             1             4           0.5     0.1570796             0
		47.8788
		381             0             0         -40.5           380             1             4           0.5     0.1570796             0
		48.4848
		382             0             0           -41           381             1             4           0.5     0.1570796             0
		49.0909
		383             0             0         -41.5           382             1             4           0.5     0.1570796             0
		49.697
		384             0             0           -42           383             1             4           0.5     0.1570796             0
		50.303
		385             0             0         -42.5           384             1             4           0.5     0.1570796             0
		50.9091
		386             0             0           -43           385             1             4           0.5     0.1570796             0
		51.5152
		387             0             0         -43.5           386             1             4           0.5     0.1570796             0
		52.1212
		388             0             0           -44           387             1             4           0.5     0.1570796             0
		52.7273
		389             0             0         -44.5           388             1             4           0.5     0.1570796             0
		53.3333
		390             0             0           -45           389             1             4           0.5     0.1570796             0
		53.9394
		391             0             0         -45.5           390             1             4           0.5     0.1570796             0
		54.5455
		392             0             0           -46           391             1             4           0.5     0.1570796             0
		55.1515
		393             0             0         -46.5           392             1             4           0.5     0.1570796             0
		55.7576
		394             0             0           -47           393             1             4           0.5     0.1570796             0
		56.3636
		395             0             0         -47.5           394             1             4           0.5     0.1570796             0
		56.9697
		396             0             0           -48           395             1             4           0.5     0.1570796             0
		57.5758
		397             0             0         -48.5           396             1             4           0.5     0.1570796             0
		58.1818
		398             0             0           -49           397             1             4           0.5     0.1570796             0
		58.7879
		399             0             0         -49.5           398             1             4           0.5     0.1570796             0
		59.3939
		400             0             0           -50           399             1             4           0.5     0.1570796             0
		60

Total # of growing branch tips:
		4

tipID#    xg          yg          zg      sg.bhd.tp. ord  br#  tot.br.lgth. axs#
overlength  # of estblished points
time of establishing (-->)
		1             0             0        -50.01           100             1             1            50             0
		0  0
		2             0             0        -50.01           200             1             2            50             0
		0  0
		3             0             0        -50.01           300             1             3            50             0
		0  0
		4             0             0        -50.01           400             1             4            50             0
		0  0
