Time:
		60

Number of seeds
		1

ID, X and Y coordinates of the seeds (one per line)
		1  0  0

Root DM, shoot DM, leaf area:
		0  0  0

Average soil strength and solute concentration experienced by root system:
		0  0

Total # of axes:
		1

Total # of branches, including axis(es):
		1

Total # of segment records:
		100

segID#    x          y          z      prev or  br#  length   surface  mass
origination time
		1           0           0        -0.5           0           1           1         0.5     0.15708           0
		0
		2           0           0          -1           1           1           1         0.5     0.15708           0
		0.60606
		3           0           0        -1.5           2           1           1         0.5     0.15708           0
		1.2121
		4           0           0          -2           3           1           1         0.5     0.15708           0
		1.8182
		5           0           0        -2.5           4           1           1         0.5     0.15708           0
		2.4242
		6           0           0          -3           5           1           1         0.5     0.15708           0
		3.0303
		7           0           0        -3.5           6           1           1         0.5     0.15708           0
		3.6364
		8           0           0          -4           7           1           1         0.5     0.15708           0
		4.2424
		9           0           0        -4.5           8           1           1         0.5     0.15708           0
		4.8485
		10            0            0           -5            9            1            1          0.5      0.15708            0
		5.4545
		11            0            0         -5.5           10            1            1          0.5      0.15708            0
		6.0606
		12            0            0           -6           11            1            1          0.5      0.15708            0
		6.6667
		13            0            0         -6.5           12            1            1          0.5      0.15708            0
		7.2727
		14            0            0           -7           13            1            1          0.5      0.15708            0
		7.8788
		15            0            0         -7.5           14            1            1          0.5      0.15708            0
		8.4848
		16            0            0           -8           15            1            1          0.5      0.15708            0
		9.0909
		17            0            0         -8.5           16            1            1          0.5      0.15708            0
		9.697
		18            0            0           -9           17            1            1          0.5      0.15708            0
		10.303
		19            0            0         -9.5           18            1            1          0.5      0.15708            0
		10.9091
		20            0            0          -10           19            1            1          0.5      0.15708            0
		11.5152
		21            0            0        -10.5           20            1            1          0.5      0.15708            0
		12.1212
		22            0            0          -11           21            1            1          0.5      0.15708            0
		12.7273
		23            0            0        -11.5           22            1            1          0.5      0.15708            0
		13.3333
		24            0            0          -12           23            1            1          0.5      0.15708            0
		13.9394
		25            0            0        -12.5           24            1            1          0.5      0.15708            0
		14.5455
		26            0            0          -13           25            1            1          0.5      0.15708            0
		15.1515
		27            0            0        -13.5           26            1            1          0.5      0.15708            0
		15.7576
		28            0            0          -14           27            1            1          0.5      0.15708            0
		16.3636
		29            0            0        -14.5           28            1            1          0.5      0.15708            0
		16.9697
		30            0            0          -15           29            1            1          0.5      0.15708            0
		17.5758
		31            0            0        -15.5           30            1            1          0.5      0.15708            0
		18.1818
		32            0            0          -16           31            1            1          0.5      0.15708            0
		18.7879
		33            0            0        -16.5           32            1            1          0.5      0.15708            0
		19.3939
		34            0            0          -17           33            1            1          0.5      0.15708            0
		20
		35            0            0        -17.5           34            1            1          0.5      0.15708            0
		20.6061
		36            0            0          -18           35            1            1          0.5      0.15708            0
		21.2121
		37            0            0        -18.5           36            1            1          0.5      0.15708            0
		21.8182
		38            0            0          -19           37            1            1          0.5      0.15708            0
		22.4242
		39            0            0        -19.5           38            1            1          0.5      0.15708            0
		23.0303
		40            0            0          -20           39            1            1          0.5      0.15708            0
		23.6364
		41            0            0        -20.5           40            1            1          0.5      0.15708            0
		24.2424
		42            0            0          -21           41            1            1          0.5      0.15708            0
		24.8485
		43            0            0        -21.5           42            1            1          0.5      0.15708            0
		25.4545
		44            0            0          -22           43            1            1          0.5      0.15708            0
		26.0606
		45            0            0        -22.5           44            1            1          0.5      0.15708            0
		26.6667
		46            0            0          -23           45            1            1          0.5      0.15708            0
		27.2727
		47            0            0        -23.5           46            1            1          0.5      0.15708            0
		27.8788
		48            0            0          -24           47            1            1          0.5      0.15708            0
		28.4848
		49            0            0        -24.5           48            1            1          0.5      0.15708            0
		29.0909
		50            0            0          -25           49            1            1          0.5      0.15708            0
		29.697
		51            0            0        -25.5           50            1            1          0.5      0.15708            0
		30.303
		52            0            0          -26           51            1            1          0.5      0.15708            0
		30.9091
		53            0            0        -26.5           52            1            1          0.5      0.15708            0
		31.5152
		54            0            0          -27           53            1            1          0.5      0.15708            0
		32.1212
		55            0            0        -27.5           54            1            1          0.5      0.15708            0
		32.7273
		56            0            0          -28           55            1            1          0.5      0.15708            0
		33.3333
		57            0            0        -28.5           56            1            1          0.5      0.15708            0
		33.9394
		58            0            0          -29           57            1            1          0.5      0.15708            0
		34.5455
		59            0            0        -29.5           58            1            1          0.5      0.15708            0
		35.1515
		60            0            0          -30           59            1            1          0.5      0.15708            0
		35.7576
		61            0            0        -30.5           60            1            1          0.5      0.15708            0
		36.3636
		62            0            0          -31           61            1            1          0.5      0.15708            0
		36.9697
		63            0            0        -31.5           62            1            1          0.5      0.15708            0
		37.5758
		64            0            0          -32           63            1            1          0.5      0.15708            0
		38.1818
		65            0            0        -32.5           64            1            1          0.5      0.15708            0
		38.7879
		66            0            0          -33           65            1            1          0.5      0.15708            0
		39.3939
		67            0            0        -33.5           66            1            1          0.5      0.15708            0
		40
		68            0            0          -34           67            1            1          0.5      0.15708            0
		40.6061
		69            0            0        -34.5           68            1            1          0.5      0.15708            0
		41.2121
		70            0            0          -35           69            1            1          0.5      0.15708            0
		41.8182
		71            0            0        -35.5           70            1            1          0.5      0.15708            0
		42.4242
		72            0            0          -36           71            1            1          0.5      0.15708            0
		43.0303
		73            0            0        -36.5           72            1            1          0.5      0.15708            0
		43.6364
		74            0            0          -37           73            1            1          0.5      0.15708            0
		44.2424
		75            0            0        -37.5           74            1            1          0.5      0.15708            0
		44.8485
		76            0            0          -38           75            1            1          0.5      0.15708            0
		45.4545
		77            0            0        -38.5           76            1            1          0.5      0.15708            0
		46.0606
		78            0            0          -39           77            1            1          0.5      0.15708            0
		46.6667
		79            0            0        -39.5           78            1            1          0.5      0.15708            0
		47.2727
		80            0            0          -40           79            1            1          0.5      0.15708            0
		47.8788
		81            0            0        -40.5           80            1            1          0.5      0.15708            0
		48.4848
		82            0            0          -41           81            1            1          0.5      0.15708            0
		49.0909
		83            0            0        -41.5           82            1            1          0.5      0.15708            0
		49.697
		84            0            0          -42           83            1            1          0.5      0.15708            0
		50.303
		85            0            0        -42.5           84            1            1          0.5      0.15708            0
		50.9091
		86            0            0          -43           85            1            1          0.5      0.15708            0
		51.5152
		87            0            0        -43.5           86            1            1          0.5      0.15708            0
		52.1212
		88            0            0          -44           87            1            1          0.5      0.15708            0
		52.7273
		89            0            0        -44.5           88            1            1          0.5      0.15708            0
		53.3333
		90            0            0          -45           89            1            1          0.5      0.15708            0
		53.9394
		91            0            0        -45.5           90            1            1          0.5      0.15708            0
		54.5455
		92            0            0          -46           91            1            1          0.5      0.15708            0
		55.1515
		93            0            0        -46.5           92            1            1          0.5      0.15708            0
		55.7576
		94            0            0          -47           93            1            1          0.5      0.15708            0
		56.3636
		95            0            0        -47.5           94            1            1          0.5      0.15708            0
		56.9697
		96            0            0          -48           95            1            1          0.5      0.15708            0
		57.5758
		97            0            0        -48.5           96            1            1          0.5      0.15708            0
		58.1818
		98            0            0          -49           97            1            1          0.5      0.15708            0
		58.7879
		99            0            0        -49.5           98            1            1          0.5      0.15708            0
		59.3939
		100             0             0           -50            99             1             1           0.5     0.1570796             0
		60

Total # of growing branch tips:
		1

tipID#    xg          yg          zg      sg.bhd.tp. ord  br#  tot.br.lgth. axs#
overlength  # of estblished points
time of establishing (-->)
		1             0             0        -50.01           100             1             1            50             0
		0  0
