Time:
		60

Number of seeds
		1

ID, X and Y coordinates of the seeds (one per line)
		1  0  0

Root DM, shoot DM, leaf area:
		0  0  0

Average soil strength and solute concentration experienced by root system:
		0  0

Total # of axes:
		1

Total # of branches, including axis(es):
		4

Total # of segment records:
		400

segID#    x          y          z      prev or  br#  length   surface  mass
origination time
		1           0     0.35355    -0.35355           0           1           1         0.5     0.15708           0
		0
		2           0     0.70711    -0.70711           1           1           1         0.5     0.15708           0
		0.60606
		3           0      1.0607     -1.0607           2           1           1         0.5     0.15708           0
		1.2121
		4           0      1.4142     -1.4142           3           1           1         0.5     0.15708           0
		1.8182
		5           0      1.7678     -1.7678           4           1           1         0.5     0.15708           0
		2.4242
		6           0      2.1213     -2.1213           5           1           1         0.5     0.15708           0
		3.0303
		7           0      2.4749     -2.4749           6           1           1         0.5     0.15708           0
		3.6364
		8           0      2.8284     -2.8284           7           1           1         0.5     0.15708           0
		4.2424
		9           0       3.182      -3.182           8           1           1         0.5     0.15708           0
		4.8485
		10            0      3.53553     -3.53553            9            1            1          0.5      0.15708            0
		5.4545
		11            0      3.88909     -3.88909           10            1            1          0.5      0.15708            0
		6.0606
		12            0      4.24264     -4.24264           11            1            1          0.5      0.15708            0
		6.6667
		13            0      4.59619     -4.59619           12            1            1          0.5      0.15708            0
		7.2727
		14            0      4.94975     -4.94975           13            1            1          0.5      0.15708            0
		7.8788
		15            0       5.3033      -5.3033           14            1            1          0.5      0.15708            0
		8.4848
		16            0      5.65685     -5.65685           15            1            1          0.5      0.15708            0
		9.0909
		17            0      6.01041     -6.01041           16            1            1          0.5      0.15708            0
		9.697
		18            0      6.36396     -6.36396           17            1            1          0.5      0.15708            0
		10.303
		19            0      6.71751     -6.71751           18            1            1          0.5      0.15708            0
		10.9091
		20            0      7.07107     -7.07107           19            1            1          0.5      0.15708            0
		11.5152
		21            0      7.42462     -7.42462           20            1            1          0.5      0.15708            0
		12.1212
		22            0      7.77817     -7.77817           21            1            1          0.5      0.15708            0
		12.7273
		23            0      8.13173     -8.13173           22            1            1          0.5      0.15708            0
		13.3333
		24            0      8.48528     -8.48528           23            1            1          0.5      0.15708            0
		13.9394
		25            0      8.83883     -8.83883           24            1            1          0.5      0.15708            0
		14.5455
		26            0      9.19239     -9.19239           25            1            1          0.5      0.15708            0
		15.1515
		27            0      9.54594     -9.54594           26            1            1          0.5      0.15708            0
		15.7576
		28            0      9.89949     -9.89949           27            1            1          0.5      0.15708            0
		16.3636
		29            0       10.253      -10.253           28            1            1          0.5      0.15708            0
		16.9697
		30            0      10.6066     -10.6066           29            1            1          0.5      0.15708            0
		17.5758
		31            0      10.9602     -10.9602           30            1            1          0.5      0.15708            0
		18.1818
		32            0      11.3137     -11.3137           31            1            1          0.5      0.15708            0
		18.7879
		33            0      11.6673     -11.6673           32            1            1          0.5      0.15708            0
		19.3939
		34            0      12.0208     -12.0208           33            1            1          0.5      0.15708            0
		20
		35            0      12.3744     -12.3744           34            1            1          0.5      0.15708            0
		20.6061
		36            0      12.7279     -12.7279           35            1            1          0.5      0.15708            0
		21.2121
		37            0      13.0815     -13.0815           36            1            1          0.5      0.15708            0
		21.8182
		38            0       13.435      -13.435           37            1            1          0.5      0.15708            0
		22.4242
		39            0      13.7886     -13.7886           38            1            1          0.5      0.15708            0
		23.0303
		40            0      14.1421     -14.1421           39            1            1          0.5      0.15708            0
		23.6364
		41            0      14.4957     -14.4957           40            1            1          0.5      0.15708            0
		24.2424
		42            0      14.8492     -14.8492           41            1            1          0.5      0.15708            0
		24.8485
		43            0      15.2028     -15.2028           42            1            1          0.5      0.15708            0
		25.4545
		44            0      15.5563     -15.5563           43            1            1          0.5      0.15708            0
		26.0606
		45            0      15.9099     -15.9099           44            1            1          0.5      0.15708            0
		26.6667
		46            0      16.2635     -16.2635           45            1            1          0.5      0.15708            0
		27.2727
		47            0       16.617      -16.617           46            1            1          0.5      0.15708            0
		27.8788
		48            0      16.9706     -16.9706           47            1            1          0.5      0.15708            0
		28.4848
		49            0      17.3241     -17.3241           48            1            1          0.5      0.15708            0
		29.0909
		50            0      17.6777     -17.6777           49            1            1          0.5      0.15708            0
		29.697
		51            0      18.0312     -18.0312           50            1            1          0.5      0.15708            0
		30.303
		52            0      18.3848     -18.3848           51            1            1          0.5      0.15708            0
		30.9091
		53            0      18.7383     -18.7383           52            1            1          0.5      0.15708            0
		31.5152
		54            0      19.0919     -19.0919           53            1            1          0.5      0.15708            0
		32.1212
		55            0      19.4454     -19.4454           54            1            1          0.5      0.15708            0
		32.7273
		56            0       19.799      -19.799           55            1            1          0.5      0.15708            0
		33.3333
		57            0      20.1525     -20.1525           56            1            1          0.5      0.15708            0
		33.9394
		58            0      20.5061     -20.5061           57            1            1          0.5      0.15708            0
		34.5455
		59            0      20.8597     -20.8597           58            1            1          0.5      0.15708            0
		35.1515
		60            0      21.2132     -21.2132           59            1            1          0.5      0.15708            0
		35.7576
		61            0      21.5668     -21.5668           60            1            1          0.5      0.15708            0
		36.3636
		62            0      21.9203     -21.9203           61            1            1          0.5      0.15708            0
		36.9697
		63            0      22.2739     -22.2739           62            1            1          0.5      0.15708            0
		37.5758
		64            0      22.6274     -22.6274           63            1            1          0.5      0.15708            0
		38.1818
		65            0       22.981      -22.981           64            1            1          0.5      0.15708            0
		38.7879
		66            0      23.3345     -23.3345           65            1            1          0.5      0.15708            0
		39.3939
		67            0      23.6881     -23.6881           66            1            1          0.5      0.15708            0
		40
		68            0      24.0416     -24.0416           67            1            1          0.5      0.15708            0
		40.6061
		69            0      24.3952     -24.3952           68            1            1          0.5      0.15708            0
		41.2121
		70            0      24.7487     -24.7487           69            1            1          0.5      0.15708            0
		41.8182
		71            0      25.1023     -25.1023           70            1            1          0.5      0.15708            0
		42.4242
		72            0      25.4558     -25.4558           71            1            1          0.5      0.15708            0
		43.0303
		73            0      25.8094     -25.8094           72            1            1          0.5      0.15708            0
		43.6364
		74            0       26.163      -26.163           73            1            1          0.5      0.15708            0
		44.2424
		75            0      26.5165     -26.5165           74            1            1          0.5      0.15708            0
		44.8485
		76            0      26.8701     -26.8701           75            1            1          0.5      0.15708            0
		45.4545
		77            0      27.2236     -27.2236           76            1            1          0.5      0.15708            0
		46.0606
		78            0      27.5772     -27.5772           77            1            1          0.5      0.15708            0
		46.6667
		79            0      27.9307     -27.9307           78            1            1          0.5      0.15708            0
		47.2727
		80            0      28.2843     -28.2843           79            1            1          0.5      0.15708            0
		47.8788
		81            0      28.6378     -28.6378           80            1            1          0.5      0.15708            0
		48.4848
		82            0      28.9914     -28.9914           81            1            1          0.5      0.15708            0
		49.0909
		83            0      29.3449     -29.3449           82            1            1          0.5      0.15708            0
		49.697
		84            0      29.6985     -29.6985           83            1            1          0.5      0.15708            0
		50.303
		85            0       30.052      -30.052           84            1            1          0.5      0.15708            0
		50.9091
		86            0      30.4056     -30.4056           85            1            1          0.5      0.15708            0
		51.5152
		87            0      30.7591     -30.7591           86            1            1          0.5      0.15708            0
		52.1212
		88            0      31.1127     -31.1127           87            1            1          0.5      0.15708            0
		52.7273
		89            0      31.4663     -31.4663           88            1            1          0.5      0.15708            0
		53.3333
		90            0      31.8198     -31.8198           89            1            1          0.5      0.15708            0
		53.9394
		91            0      32.1734     -32.1734           90            1            1          0.5      0.15708            0
		54.5455
		92            0      32.5269     -32.5269           91            1            1          0.5      0.15708            0
		55.1515
		93            0      32.8805     -32.8805           92            1            1          0.5      0.15708            0
		55.7576
		94            0       33.234      -33.234           93            1            1          0.5      0.15708            0
		56.3636
		95            0      33.5876     -33.5876           94            1            1          0.5      0.15708            0
		56.9697
		96            0      33.9411     -33.9411           95            1            1          0.5      0.15708            0
		57.5758
		97            0      34.2947     -34.2947           96            1            1          0.5      0.15708            0
		58.1818
		98            0      34.6482     -34.6482           97            1            1          0.5      0.15708            0
		58.7879
		99            0      35.0018     -35.0018           98            1            1          0.5      0.15708            0
		59.3939
		100             0      35.35534     -35.35534            99             1             1           0.5     0.1570796             0
		60
		101     0.3535534   2.16489e-17    -0.3535534             0             1             2           0.5     0.1570796             0
		0
		102     0.7071068   4.32978e-17    -0.7071068           101             1             2           0.5     0.1570796             0
		0.60606
		103       1.06066   6.49467e-17      -1.06066           102             1             2           0.5     0.1570796             0
		1.2121
		104      1.414214  8.659561e-17     -1.414214           103             1             2           0.5     0.1570796             0
		1.8182
		105      1.767767  1.082445e-16     -1.767767           104             1             2           0.5     0.1570796             0
		2.4242
		106       2.12132  1.298934e-16      -2.12132           105             1             2           0.5     0.1570796             0
		3.0303
		107      2.474874  1.515423e-16     -2.474874           106             1             2           0.5     0.1570796             0
		3.6364
		108      2.828427  1.731912e-16     -2.828427           107             1             2           0.5     0.1570796             0
		4.2424
		109      3.181981  1.948401e-16     -3.181981           108             1             2           0.5     0.1570796             0
		4.8485
		110      3.535534   2.16489e-16     -3.535534           109             1             2           0.5     0.1570796             0
		5.4545
		111      3.889087  2.381379e-16     -3.889087           110             1             2           0.5     0.1570796             0
		6.0606
		112      4.242641  2.597868e-16     -4.242641           111             1             2           0.5     0.1570796             0
		6.6667
		113      4.596194  2.814357e-16     -4.596194           112             1             2           0.5     0.1570796             0
		7.2727
		114      4.949747  3.030846e-16     -4.949747           113             1             2           0.5     0.1570796             0
		7.8788
		115      5.303301  3.247335e-16     -5.303301           114             1             2           0.5     0.1570796             0
		8.4848
		116      5.656854  3.463824e-16     -5.656854           115             1             2           0.5     0.1570796             0
		9.0909
		117      6.010408  3.680313e-16     -6.010408           116             1             2           0.5     0.1570796             0
		9.697
		118      6.363961  3.896802e-16     -6.363961           117             1             2           0.5     0.1570796             0
		10.303
		119      6.717514  4.113291e-16     -6.717514           118             1             2           0.5     0.1570796             0
		10.9091
		120      7.071068   4.32978e-16     -7.071068           119             1             2           0.5     0.1570796             0
		11.5152
		121      7.424621  4.546269e-16     -7.424621           120             1             2           0.5     0.1570796             0
		12.1212
		122      7.778175  4.762758e-16     -7.778175           121             1             2           0.5     0.1570796             0
		12.7273
		123      8.131728  4.979247e-16     -8.131728           122             1             2           0.5     0.1570796             0
		13.3333
		124      8.485281  5.195736e-16     -8.485281           123             1             2           0.5     0.1570796             0
		13.9394
		125      8.838835  5.412225e-16     -8.838835           124             1             2           0.5     0.1570796             0
		14.5455
		126      9.192388  5.628714e-16     -9.192388           125             1             2           0.5     0.1570796             0
		15.1515
		127      9.545942  5.845203e-16     -9.545942           126             1             2           0.5     0.1570796             0
		15.7576
		128      9.899495  6.061692e-16     -9.899495           127             1             2           0.5     0.1570796             0
		16.3636
		129      10.25305  6.278181e-16     -10.25305           128             1             2           0.5     0.1570796             0
		16.9697
		130       10.6066   6.49467e-16      -10.6066           129             1             2           0.5     0.1570796             0
		17.5758
		131      10.96016  6.711159e-16     -10.96016           130             1             2           0.5     0.1570796             0
		18.1818
		132      11.31371  6.927648e-16     -11.31371           131             1             2           0.5     0.1570796             0
		18.7879
		133      11.66726  7.144137e-16     -11.66726           132             1             2           0.5     0.1570796             0
		19.3939
		134      12.02082  7.360626e-16     -12.02082           133             1             2           0.5     0.1570796             0
		20
		135      12.37437  7.577115e-16     -12.37437           134             1             2           0.5     0.1570796             0
		20.6061
		136      12.72792  7.793605e-16     -12.72792           135             1             2           0.5     0.1570796             0
		21.2121
		137      13.08148  8.010094e-16     -13.08148           136             1             2           0.5     0.1570796             0
		21.8182
		138      13.43503  8.226583e-16     -13.43503           137             1             2           0.5     0.1570796             0
		22.4242
		139      13.78858  8.443072e-16     -13.78858           138             1             2           0.5     0.1570796             0
		23.0303
		140      14.14214  8.659561e-16     -14.14214           139             1             2           0.5     0.1570796             0
		23.6364
		141      14.49569   8.87605e-16     -14.49569           140             1             2           0.5     0.1570796             0
		24.2424
		142      14.84924  9.092539e-16     -14.84924           141             1             2           0.5     0.1570796             0
		24.8485
		143       15.2028  9.309028e-16      -15.2028           142             1             2           0.5     0.1570796             0
		25.4545
		144      15.55635  9.525517e-16     -15.55635           143             1             2           0.5     0.1570796             0
		26.0606
		145       15.9099  9.742006e-16      -15.9099           144             1             2           0.5     0.1570796             0
		26.6667
		146      16.26346  9.958495e-16     -16.26346           145             1             2           0.5     0.1570796             0
		27.2727
		147      16.61701  1.017498e-15     -16.61701           146             1             2           0.5     0.1570796             0
		27.8788
		148      16.97056  1.039147e-15     -16.97056           147             1             2           0.5     0.1570796             0
		28.4848
		149      17.32412  1.060796e-15     -17.32412           148             1             2           0.5     0.1570796             0
		29.0909
		150      17.67767  1.082445e-15     -17.67767           149             1             2           0.5     0.1570796             0
		29.697
		151      18.03122  1.104094e-15     -18.03122           150             1             2           0.5     0.1570796             0
		30.303
		152      18.38478  1.125743e-15     -18.38478           151             1             2           0.5     0.1570796             0
		30.9091
		153      18.73833  1.147392e-15     -18.73833           152             1             2           0.5     0.1570796             0
		31.5152
		154      19.09188  1.169041e-15     -19.09188           153             1             2           0.5     0.1570796             0
		32.1212
		155      19.44544   1.19069e-15     -19.44544           154             1             2           0.5     0.1570796             0
		32.7273
		156      19.79899  1.212338e-15     -19.79899           155             1             2           0.5     0.1570796             0
		33.3333
		157      20.15254  1.233987e-15     -20.15254           156             1             2           0.5     0.1570796             0
		33.9394
		158       20.5061  1.255636e-15      -20.5061           157             1             2           0.5     0.1570796             0
		34.5455
		159      20.85965  1.277285e-15     -20.85965           158             1             2           0.5     0.1570796             0
		35.1515
		160       21.2132  1.298934e-15      -21.2132           159             1             2           0.5     0.1570796             0
		35.7576
		161      21.56676  1.320583e-15     -21.56676           160             1             2           0.5     0.1570796             0
		36.3636
		162      21.92031  1.342232e-15     -21.92031           161             1             2           0.5     0.1570796             0
		36.9697
		163      22.27386  1.363881e-15     -22.27386           162             1             2           0.5     0.1570796             0
		37.5758
		164      22.62742   1.38553e-15     -22.62742           163             1             2           0.5     0.1570796             0
		38.1818
		165      22.98097  1.407179e-15     -22.98097           164             1             2           0.5     0.1570796             0
		38.7879
		166      23.33452  1.428827e-15     -23.33452           165             1             2           0.5     0.1570796             0
		39.3939
		167      23.68808  1.450476e-15     -23.68808           166             1             2           0.5     0.1570796             0
		40
		168      24.04163  1.472125e-15     -24.04163           167             1             2           0.5     0.1570796             0
		40.6061
		169      24.39518  1.493774e-15     -24.39518           168             1             2           0.5     0.1570796             0
		41.2121
		170      24.74874  1.515423e-15     -24.74874           169             1             2           0.5     0.1570796             0
		41.8182
		171      25.10229  1.537072e-15     -25.10229           170             1             2           0.5     0.1570796             0
		42.4242
		172      25.45584  1.558721e-15     -25.45584           171             1             2           0.5     0.1570796             0
		43.0303
		173       25.8094   1.58037e-15      -25.8094           172             1             2           0.5     0.1570796             0
		43.6364
		174      26.16295  1.602019e-15     -26.16295           173             1             2           0.5     0.1570796             0
		44.2424
		175       26.5165  1.623668e-15      -26.5165           174             1             2           0.5     0.1570796             0
		44.8485
		176      26.87006  1.645317e-15     -26.87006           175             1             2           0.5     0.1570796             0
		45.4545
		177      27.22361  1.666965e-15     -27.22361           176             1             2           0.5     0.1570796             0
		46.0606
		178      27.57716  1.688614e-15     -27.57716           177             1             2           0.5     0.1570796             0
		46.6667
		179      27.93072  1.710263e-15     -27.93072           178             1             2           0.5     0.1570796             0
		47.2727
		180      28.28427  1.731912e-15     -28.28427           179             1             2           0.5     0.1570796             0
		47.8788
		181      28.63782  1.753561e-15     -28.63782           180             1             2           0.5     0.1570796             0
		48.4848
		182      28.99138   1.77521e-15     -28.99138           181             1             2           0.5     0.1570796             0
		49.0909
		183      29.34493  1.796859e-15     -29.34493           182             1             2           0.5     0.1570796             0
		49.697
		184      29.69848  1.818508e-15     -29.69848           183             1             2           0.5     0.1570796             0
		50.303
		185      30.05204  1.840157e-15     -30.05204           184             1             2           0.5     0.1570796             0
		50.9091
		186      30.40559  1.861806e-15     -30.40559           185             1             2           0.5     0.1570796             0
		51.5152
		187      30.75914  1.883454e-15     -30.75914           186             1             2           0.5     0.1570796             0
		52.1212
		188       31.1127  1.905103e-15      -31.1127           187             1             2           0.5     0.1570796             0
		52.7273
		189      31.46625  1.926752e-15     -31.46625           188             1             2           0.5     0.1570796             0
		53.3333
		190      31.81981  1.948401e-15     -31.81981           189             1             2           0.5     0.1570796             0
		53.9394
		191      32.17336   1.97005e-15     -32.17336           190             1             2           0.5     0.1570796             0
		54.5455
		192      32.52691  1.991699e-15     -32.52691           191             1             2           0.5     0.1570796             0
		55.1515
		193      32.88047  2.013348e-15     -32.88047           192             1             2           0.5     0.1570796             0
		55.7576
		194      33.23402  2.034997e-15     -33.23402           193             1             2           0.5     0.1570796             0
		56.3636
		195      33.58757  2.056646e-15     -33.58757           194             1             2           0.5     0.1570796             0
		56.9697
		196      33.94113  2.078295e-15     -33.94113           195             1             2           0.5     0.1570796             0
		57.5758
		197      34.29468  2.099943e-15     -34.29468           196             1             2           0.5     0.1570796             0
		58.1818
		198      34.64823  2.121592e-15     -34.64823           197             1             2           0.5     0.1570796             0
		58.7879
		199      35.00179  2.143241e-15     -35.00179           198             1             2           0.5     0.1570796             0
		59.3939
		200      35.35534   2.16489e-15     -35.35534           199             1             2           0.5     0.1570796             0
		60
		201   4.32978e-17    -0.3535534    -0.3535534             0             1             3           0.5     0.1570796             0
		0
		202  8.659561e-17    -0.7071068    -0.7071068           201             1             3           0.5     0.1570796             0
		0.60606
		203  1.298934e-16      -1.06066      -1.06066           202             1             3           0.5     0.1570796             0
		1.2121
		204  1.731912e-16     -1.414214     -1.414214           203             1             3           0.5     0.1570796             0
		1.8182
		205   2.16489e-16     -1.767767     -1.767767           204             1             3           0.5     0.1570796             0
		2.4242
		206  2.597868e-16      -2.12132      -2.12132           205             1             3           0.5     0.1570796             0
		3.0303
		207  3.030846e-16     -2.474874     -2.474874           206             1             3           0.5     0.1570796             0
		3.6364
		208  3.463824e-16     -2.828427     -2.828427           207             1             3           0.5     0.1570796             0
		4.2424
		209  3.896802e-16     -3.181981     -3.181981           208             1             3           0.5     0.1570796             0
		4.8485
		210   4.32978e-16     -3.535534     -3.535534           209             1             3           0.5     0.1570796             0
		5.4545
		211  4.762758e-16     -3.889087     -3.889087           210             1             3           0.5     0.1570796             0
		6.0606
		212  5.195736e-16     -4.242641     -4.242641           211             1             3           0.5     0.1570796             0
		6.6667
		213  5.628714e-16     -4.596194     -4.596194           212             1             3           0.5     0.1570796             0
		7.2727
		214  6.061692e-16     -4.949747     -4.949747           213             1             3           0.5     0.1570796             0
		7.8788
		215   6.49467e-16     -5.303301     -5.303301           214             1             3           0.5     0.1570796             0
		8.4848
		216  6.927648e-16     -5.656854     -5.656854           215             1             3           0.5     0.1570796             0
		9.0909
		217  7.360626e-16     -6.010408     -6.010408           216             1             3           0.5     0.1570796             0
		9.697
		218  7.793605e-16     -6.363961     -6.363961           217             1             3           0.5     0.1570796             0
		10.303
		219  8.226583e-16     -6.717514     -6.717514           218             1             3           0.5     0.1570796             0
		10.9091
		220  8.659561e-16     -7.071068     -7.071068           219             1             3           0.5     0.1570796             0
		11.5152
		221  9.092539e-16     -7.424621     -7.424621           220             1             3           0.5     0.1570796             0
		12.1212
		222  9.525517e-16     -7.778175     -7.778175           221             1             3           0.5     0.1570796             0
		12.7273
		223  9.958495e-16     -8.131728     -8.131728           222             1             3           0.5     0.1570796             0
		13.3333
		224  1.039147e-15     -8.485281     -8.485281           223             1             3           0.5     0.1570796             0
		13.9394
		225  1.082445e-15     -8.838835     -8.838835           224             1             3           0.5     0.1570796             0
		14.5455
		226  1.125743e-15     -9.192388     -9.192388           225             1             3           0.5     0.1570796             0
		15.1515
		227  1.169041e-15     -9.545942     -9.545942           226             1             3           0.5     0.1570796             0
		15.7576
		228  1.212338e-15     -9.899495     -9.899495           227             1             3           0.5     0.1570796             0
		16.3636
		229  1.255636e-15     -10.25305     -10.25305           228             1             3           0.5     0.1570796             0
		16.9697
		230  1.298934e-15      -10.6066      -10.6066           229             1             3           0.5     0.1570796             0
		17.5758
		231  1.342232e-15     -10.96016     -10.96016           230             1             3           0.5     0.1570796             0
		18.1818
		232   1.38553e-15     -11.31371     -11.31371           231             1             3           0.5     0.1570796             0
		18.7879
		233  1.428827e-15     -11.66726     -11.66726           232             1             3           0.5     0.1570796             0
		19.3939
		234  1.472125e-15     -12.02082     -12.02082           233             1             3           0.5     0.1570796             0
		20
		235  1.515423e-15     -12.37437     -12.37437           234             1             3           0.5     0.1570796             0
		20.6061
		236  1.558721e-15     -12.72792     -12.72792           235             1             3           0.5     0.1570796             0
		21.2121
		237  1.602019e-15     -13.08148     -13.08148           236             1             3           0.5     0.1570796             0
		21.8182
		238  1.645317e-15     -13.43503     -13.43503           237             1             3           0.5     0.1570796             0
		22.4242
		239  1.688614e-15     -13.78858     -13.78858           238             1             3           0.5     0.1570796             0
		23.0303
		240  1.731912e-15     -14.14214     -14.14214           239             1             3           0.5     0.1570796             0
		23.6364
		241   1.77521e-15     -14.49569     -14.49569           240             1             3           0.5     0.1570796             0
		24.2424
		242  1.818508e-15     -14.84924     -14.84924           241             1             3           0.5     0.1570796             0
		24.8485
		243  1.861806e-15      -15.2028      -15.2028           242             1             3           0.5     0.1570796             0
		25.4545
		244  1.905103e-15     -15.55635     -15.55635           243             1             3           0.5     0.1570796             0
		26.0606
		245  1.948401e-15      -15.9099      -15.9099           244             1             3           0.5     0.1570796             0
		26.6667
		246  1.991699e-15     -16.26346     -16.26346           245             1             3           0.5     0.1570796             0
		27.2727
		247  2.034997e-15     -16.61701     -16.61701           246             1             3           0.5     0.1570796             0
		27.8788
		248  2.078295e-15     -16.97056     -16.97056           247             1             3           0.5     0.1570796             0
		28.4848
		249  2.121592e-15     -17.32412     -17.32412           248             1             3           0.5     0.1570796             0
		29.0909
		250   2.16489e-15     -17.67767     -17.67767           249             1             3           0.5     0.1570796             0
		29.697
		251  2.208188e-15     -18.03122     -18.03122           250             1             3           0.5     0.1570796             0
		30.303
		252  2.251486e-15     -18.38478     -18.38478           251             1             3           0.5     0.1570796             0
		30.9091
		253  2.294784e-15     -18.73833     -18.73833           252             1             3           0.5     0.1570796             0
		31.5152
		254  2.338081e-15     -19.09188     -19.09188           253             1             3           0.5     0.1570796             0
		32.1212
		255  2.381379e-15     -19.44544     -19.44544           254             1             3           0.5     0.1570796             0
		32.7273
		256  2.424677e-15     -19.79899     -19.79899           255             1             3           0.5     0.1570796             0
		33.3333
		257  2.467975e-15     -20.15254     -20.15254           256             1             3           0.5     0.1570796             0
		33.9394
		258  2.511273e-15      -20.5061      -20.5061           257             1             3           0.5     0.1570796             0
		34.5455
		259   2.55457e-15     -20.85965     -20.85965           258             1             3           0.5     0.1570796             0
		35.1515
		260  2.597868e-15      -21.2132      -21.2132           259             1             3           0.5     0.1570796             0
		35.7576
		261  2.641166e-15     -21.56676     -21.56676           260             1             3           0.5     0.1570796             0
		36.3636
		262  2.684464e-15     -21.92031     -21.92031           261             1             3           0.5     0.1570796             0
		36.9697
		263  2.727762e-15     -22.27386     -22.27386           262             1             3           0.5     0.1570796             0
		37.5758
		264  2.771059e-15     -22.62742     -22.62742           263             1             3           0.5     0.1570796             0
		38.1818
		265  2.814357e-15     -22.98097     -22.98097           264             1             3           0.5     0.1570796             0
		38.7879
		266  2.857655e-15     -23.33452     -23.33452           265             1             3           0.5     0.1570796             0
		39.3939
		267  2.900953e-15     -23.68808     -23.68808           266             1             3           0.5     0.1570796             0
		40
		268  2.944251e-15     -24.04163     -24.04163           267             1             3           0.5     0.1570796             0
		40.6061
		269  2.987548e-15     -24.39518     -24.39518           268             1             3           0.5     0.1570796             0
		41.2121
		270  3.030846e-15     -24.74874     -24.74874           269             1             3           0.5     0.1570796             0
		41.8182
		271  3.074144e-15     -25.10229     -25.10229           270             1             3           0.5     0.1570796             0
		42.4242
		272  3.117442e-15     -25.45584     -25.45584           271             1             3           0.5     0.1570796             0
		43.0303
		273   3.16074e-15      -25.8094      -25.8094           272             1             3           0.5     0.1570796             0
		43.6364
		274  3.204037e-15     -26.16295     -26.16295           273             1             3           0.5     0.1570796             0
		44.2424
		275  3.247335e-15      -26.5165      -26.5165           274             1             3           0.5     0.1570796             0
		44.8485
		276  3.290633e-15     -26.87006     -26.87006           275             1             3           0.5     0.1570796             0
		45.4545
		277  3.333931e-15     -27.22361     -27.22361           276             1             3           0.5     0.1570796             0
		46.0606
		278  3.377229e-15     -27.57716     -27.57716           277             1             3           0.5     0.1570796             0
		46.6667
		279  3.420526e-15     -27.93072     -27.93072           278             1             3           0.5     0.1570796             0
		47.2727
		280  3.463824e-15     -28.28427     -28.28427           279             1             3           0.5     0.1570796             0
		47.8788
		281  3.507122e-15     -28.63782     -28.63782           280             1             3           0.5     0.1570796             0
		48.4848
		282   3.55042e-15     -28.99138     -28.99138           281             1             3           0.5     0.1570796             0
		49.0909
		283  3.593718e-15     -29.34493     -29.34493           282             1             3           0.5     0.1570796             0
		49.697
		284  3.637015e-15     -29.69848     -29.69848           283             1             3           0.5     0.1570796             0
		50.303
		285  3.680313e-15     -30.05204     -30.05204           284             1             3           0.5     0.1570796             0
		50.9091
		286  3.723611e-15     -30.40559     -30.40559           285             1             3           0.5     0.1570796             0
		51.5152
		287  3.766909e-15     -30.75914     -30.75914           286             1             3           0.5     0.1570796             0
		52.1212
		288  3.810207e-15      -31.1127      -31.1127           287             1             3           0.5     0.1570796             0
		52.7273
		289  3.853504e-15     -31.46625     -31.46625           288             1             3           0.5     0.1570796             0
		53.3333
		290  3.896802e-15     -31.81981     -31.81981           289             1             3           0.5     0.1570796             0
		53.9394
		291    3.9401e-15     -32.17336     -32.17336           290             1             3           0.5     0.1570796             0
		54.5455
		292  3.983398e-15     -32.52691     -32.52691           291             1             3           0.5     0.1570796             0
		55.1515
		293  4.026696e-15     -32.88047     -32.88047           292             1             3           0.5     0.1570796             0
		55.7576
		294  4.069993e-15     -33.23402     -33.23402           293             1             3           0.5     0.1570796             0
		56.3636
		295  4.113291e-15     -33.58757     -33.58757           294             1             3           0.5     0.1570796             0
		56.9697
		296  4.156589e-15     -33.94113     -33.94113           295             1             3           0.5     0.1570796             0
		57.5758
		297  4.199887e-15     -34.29468     -34.29468           296             1             3           0.5     0.1570796             0
		58.1818
		298  4.243185e-15     -34.64823     -34.64823           297             1             3           0.5     0.1570796             0
		58.7879
		299  4.286482e-15     -35.00179     -35.00179           298             1             3           0.5     0.1570796             0
		59.3939
		300   4.32978e-15     -35.35534     -35.35534           299             1             3           0.5     0.1570796             0
		60
		301    -0.3535534  -6.49467e-17    -0.3535534             0             1             4           0.5     0.1570796             0
		0
		302    -0.7071068 -1.298934e-16    -0.7071068           301             1             4           0.5     0.1570796             0
		0.60606
		303      -1.06066 -1.948401e-16      -1.06066           302             1             4           0.5     0.1570796             0
		1.2121
		304     -1.414214 -2.597868e-16     -1.414214           303             1             4           0.5     0.1570796             0
		1.8182
		305     -1.767767 -3.247335e-16     -1.767767           304             1             4           0.5     0.1570796             0
		2.4242
		306      -2.12132 -3.896802e-16      -2.12132           305             1             4           0.5     0.1570796             0
		3.0303
		307     -2.474874 -4.546269e-16     -2.474874           306             1             4           0.5     0.1570796             0
		3.6364
		308     -2.828427 -5.195736e-16     -2.828427           307             1             4           0.5     0.1570796             0
		4.2424
		309     -3.181981 -5.845203e-16     -3.181981           308             1             4           0.5     0.1570796             0
		4.8485
		310     -3.535534  -6.49467e-16     -3.535534           309             1             4           0.5     0.1570796             0
		5.4545
		311     -3.889087 -7.144137e-16     -3.889087           310             1             4           0.5     0.1570796             0
		6.0606
		312     -4.242641 -7.793605e-16     -4.242641           311             1             4           0.5     0.1570796             0
		6.6667
		313     -4.596194 -8.443072e-16     -4.596194           312             1             4           0.5     0.1570796             0
		7.2727
		314     -4.949747 -9.092539e-16     -4.949747           313             1             4           0.5     0.1570796             0
		7.8788
		315     -5.303301 -9.742006e-16     -5.303301           314             1             4           0.5     0.1570796             0
		8.4848
		316     -5.656854 -1.039147e-15     -5.656854           315             1             4           0.5     0.1570796             0
		9.0909
		317     -6.010408 -1.104094e-15     -6.010408           316             1             4           0.5     0.1570796             0
		9.697
		318     -6.363961 -1.169041e-15     -6.363961           317             1             4           0.5     0.1570796             0
		10.303
		319     -6.717514 -1.233987e-15     -6.717514           318             1             4           0.5     0.1570796             0
		10.9091
		320     -7.071068 -1.298934e-15     -7.071068           319             1             4           0.5     0.1570796             0
		11.5152
		321     -7.424621 -1.363881e-15     -7.424621           320             1             4           0.5     0.1570796             0
		12.1212
		322     -7.778175 -1.428827e-15     -7.778175           321             1             4           0.5     0.1570796             0
		12.7273
		323     -8.131728 -1.493774e-15     -8.131728           322             1             4           0.5     0.1570796             0
		13.3333
		324     -8.485281 -1.558721e-15     -8.485281           323             1             4           0.5     0.1570796             0
		13.9394
		325     -8.838835 -1.623668e-15     -8.838835           324             1             4           0.5     0.1570796             0
		14.5455
		326     -9.192388 -1.688614e-15     -9.192388           325             1             4           0.5     0.1570796             0
		15.1515
		327     -9.545942 -1.753561e-15     -9.545942           326             1             4           0.5     0.1570796             0
		15.7576
		328     -9.899495 -1.818508e-15     -9.899495           327             1             4           0.5     0.1570796             0
		16.3636
		329     -10.25305 -1.883454e-15     -10.25305           328             1             4           0.5     0.1570796             0
		16.9697
		330      -10.6066 -1.948401e-15      -10.6066           329             1             4           0.5     0.1570796             0
		17.5758
		331     -10.96016 -2.013348e-15     -10.96016           330             1             4           0.5     0.1570796             0
		18.1818
		332     -11.31371 -2.078295e-15     -11.31371           331             1             4           0.5     0.1570796             0
		18.7879
		333     -11.66726 -2.143241e-15     -11.66726           332             1             4           0.5     0.1570796             0
		19.3939
		334     -12.02082 -2.208188e-15     -12.02082           333             1             4           0.5     0.1570796             0
		20
		335     -12.37437 -2.273135e-15     -12.37437           334             1             4           0.5     0.1570796             0
		20.6061
		336     -12.72792 -2.338081e-15     -12.72792           335             1             4           0.5     0.1570796             0
		21.2121
		337     -13.08148 -2.403028e-15     -13.08148           336             1             4           0.5     0.1570796             0
		21.8182
		338     -13.43503 -2.467975e-15     -13.43503           337             1             4           0.5     0.1570796             0
		22.4242
		339     -13.78858 -2.532921e-15     -13.78858           338             1             4           0.5     0.1570796             0
		23.0303
		340     -14.14214 -2.597868e-15     -14.14214           339             1             4           0.5     0.1570796             0
		23.6364
		341     -14.49569 -2.662815e-15     -14.49569           340             1             4           0.5     0.1570796             0
		24.2424
		342     -14.84924 -2.727762e-15     -14.84924           341             1             4           0.5     0.1570796             0
		24.8485
		343      -15.2028 -2.792708e-15      -15.2028           342             1             4           0.5     0.1570796             0
		25.4545
		344     -15.55635 -2.857655e-15     -15.55635           343             1             4           0.5     0.1570796             0
		26.0606
		345      -15.9099 -2.922602e-15      -15.9099           344             1             4           0.5     0.1570796             0
		26.6667
		346     -16.26346 -2.987548e-15     -16.26346           345             1             4           0.5     0.1570796             0
		27.2727
		347     -16.61701 -3.052495e-15     -16.61701           346             1             4           0.5     0.1570796             0
		27.8788
		348     -16.97056 -3.117442e-15     -16.97056           347             1             4           0.5     0.1570796             0
		28.4848
		349     -17.32412 -3.182389e-15     -17.32412           348             1             4           0.5     0.1570796             0
		29.0909
		350     -17.67767 -3.247335e-15     -17.67767           349             1             4           0.5     0.1570796             0
		29.697
		351     -18.03122 -3.312282e-15     -18.03122           350             1             4           0.5     0.1570796             0
		30.303
		352     -18.38478 -3.377229e-15     -18.38478           351             1             4           0.5     0.1570796             0
		30.9091
		353     -18.73833 -3.442175e-15     -18.73833           352             1             4           0.5     0.1570796             0
		31.5152
		354     -19.09188 -3.507122e-15     -19.09188           353             1             4           0.5     0.1570796             0
		32.1212
		355     -19.44544 -3.572069e-15     -19.44544           354             1             4           0.5     0.1570796             0
		32.7273
		356     -19.79899 -3.637015e-15     -19.79899           355             1             4           0.5     0.1570796             0
		33.3333
		357     -20.15254 -3.701962e-15     -20.15254           356             1             4           0.5     0.1570796             0
		33.9394
		358      -20.5061 -3.766909e-15      -20.5061           357             1             4           0.5     0.1570796             0
		34.5455
		359     -20.85965 -3.831856e-15     -20.85965           358             1             4           0.5     0.1570796             0
		35.1515
		360      -21.2132 -3.896802e-15      -21.2132           359             1             4           0.5     0.1570796             0
		35.7576
		361     -21.56676 -3.961749e-15     -21.56676           360             1             4           0.5     0.1570796             0
		36.3636
		362     -21.92031 -4.026696e-15     -21.92031           361             1             4           0.5     0.1570796             0
		36.9697
		363     -22.27386 -4.091642e-15     -22.27386           362             1             4           0.5     0.1570796             0
		37.5758
		364     -22.62742 -4.156589e-15     -22.62742           363             1             4           0.5     0.1570796             0
		38.1818
		365     -22.98097 -4.221536e-15     -22.98097           364             1             4           0.5     0.1570796             0
		38.7879
		366     -23.33452 -4.286482e-15     -23.33452           365             1             4           0.5     0.1570796             0
		39.3939
		367     -23.68808 -4.351429e-15     -23.68808           366             1             4           0.5     0.1570796             0
		40
		368     -24.04163 -4.416376e-15     -24.04163           367             1             4           0.5     0.1570796             0
		40.6061
		369     -24.39518 -4.481323e-15     -24.39518           368             1             4           0.5     0.1570796             0
		41.2121
		370     -24.74874 -4.546269e-15     -24.74874           369             1             4           0.5     0.1570796             0
		41.8182
		371     -25.10229 -4.611216e-15     -25.10229           370             1             4           0.5     0.1570796             0
		42.4242
		372     -25.45584 -4.676163e-15     -25.45584           371             1             4           0.5     0.1570796             0
		43.0303
		373      -25.8094 -4.741109e-15      -25.8094           372             1             4           0.5     0.1570796             0
		43.6364
		374     -26.16295 -4.806056e-15     -26.16295           373             1             4           0.5     0.1570796             0
		44.2424
		375      -26.5165 -4.871003e-15      -26.5165           374             1             4           0.5     0.1570796             0
		44.8485
		376     -26.87006  -4.93595e-15     -26.87006           375             1             4           0.5     0.1570796             0
		45.4545
		377     -27.22361 -5.000896e-15     -27.22361           376             1             4           0.5     0.1570796             0
		46.0606
		378     -27.57716 -5.065843e-15     -27.57716           377             1             4           0.5     0.1570796             0
		46.6667
		379     -27.93072  -5.13079e-15     -27.93072           378             1             4           0.5     0.1570796             0
		47.2727
		380     -28.28427 -5.195736e-15     -28.28427           379             1             4           0.5     0.1570796             0
		47.8788
		381     -28.63782 -5.260683e-15     -28.63782           380             1             4           0.5     0.1570796             0
		48.4848
		382     -28.99138  -5.32563e-15     -28.99138           381             1             4           0.5     0.1570796             0
		49.0909
		383     -29.34493 -5.390576e-15     -29.34493           382             1             4           0.5     0.1570796             0
		49.697
		384     -29.69848 -5.455523e-15     -29.69848           383             1             4           0.5     0.1570796             0
		50.303
		385     -30.05204  -5.52047e-15     -30.05204           384             1             4           0.5     0.1570796             0
		50.9091
		386     -30.40559 -5.585417e-15     -30.40559           385             1             4           0.5     0.1570796             0
		51.5152
		387     -30.75914 -5.650363e-15     -30.75914           386             1             4           0.5     0.1570796             0
		52.1212
		388      -31.1127  -5.71531e-15      -31.1127           387             1             4           0.5     0.1570796             0
		52.7273
		389     -31.46625 -5.780257e-15     -31.46625           388             1             4           0.5     0.1570796             0
		53.3333
		390     -31.81981 -5.845203e-15     -31.81981           389             1             4           0.5     0.1570796             0
		53.9394
		391     -32.17336  -5.91015e-15     -32.17336           390             1             4           0.5     0.1570796             0
		54.5455
		392     -32.52691 -5.975097e-15     -32.52691           391             1             4           0.5     0.1570796             0
		55.1515
		393     -32.88047 -6.040043e-15     -32.88047           392             1             4           0.5     0.1570796             0
		55.7576
		394     -33.23402  -6.10499e-15     -33.23402           393             1             4           0.5     0.1570796             0
		56.3636
		395     -33.58757 -6.169937e-15     -33.58757           394             1             4           0.5     0.1570796             0
		56.9697
		396     -33.94113 -6.234884e-15     -33.94113           395             1             4           0.5     0.1570796             0
		57.5758
		397     -34.29468  -6.29983e-15     -34.29468           396             1             4           0.5     0.1570796             0
		58.1818
		398     -34.64823 -6.364777e-15     -34.64823           397             1             4           0.5     0.1570796             0
		58.7879
		399     -35.00179 -6.429724e-15     -35.00179           398             1             4           0.5     0.1570796             0
		59.3939
		400     -35.35534  -6.49467e-15     -35.35534           399             1             4           0.5     0.1570796             0
		60

Total # of growing branch tips:
		4

tipID#    xg          yg          zg      sg.bhd.tp. ord  br#  tot.br.lgth. axs#
overlength  # of estblished points
time of establishing (-->)
		1             0      35.35534     -35.36534           100             1             1            50             0
		0  0
		2      35.35534   2.16489e-15     -35.36534           200             1             2            50             0
		0  0
		3   4.32978e-15     -35.35534     -35.36534           300             1             3            50             0
		0  0
		4     -35.35534  -6.49467e-15     -35.36534           400             1             4            50             0
		0  0
