Time:
		200

Number of seeds
		1

ID, X and Y coordinates of the seeds (one per line)
		1  0  0

Root DM, shoot DM, leaf area:
		0  0  0

Average soil strength and solute concentration experienced by root system:
		0  0

Total # of axes:
		1

Total # of branches, including axis(es):
		196

Total # of segment records:
		360

segID#    x          y          z      prev or  br#  length   surface  mass
origination time
		1  3.0616e-18  1.2246e-17       -0.05           0           1           1       0.051    0.041841           0
		0
		2  3.1535e-18  1.2614e-17     -0.0515           1           1           1      0.0015   0.0012252           0
		0
		3  3.2453e-18  1.2981e-17      -0.053           2           1           1      0.0015   0.0012252           0
		0
		4  3.3372e-18  1.3349e-17     -0.0545           3           1           1      0.0015   0.0012252           0
		0
		5   3.429e-18  1.3716e-17      -0.056           4           1           1      0.0015   0.0012252           0
		0
		6  3.5209e-18  1.4083e-17     -0.0575           5           1           1      0.0015   0.0012252           0
		0
		7  3.6127e-18  1.4451e-17      -0.059           6           1           1      0.0015   0.0012252           0
		0
		8  3.7046e-18  1.4818e-17     -0.0605           7           1           1      0.0015   0.0012252           0
		0
		9  3.7964e-18  1.5186e-17      -0.062           8           1           1      0.0015   0.0012252           0
		0
		10  3.88825e-18   1.5553e-17      -0.0635            9            1            1       0.0015   0.00122522            0
		0
		11   3.9801e-18  1.59204e-17       -0.065           10            1            1       0.0015   0.00122522            0
		0
		12  4.07195e-18  1.62878e-17      -0.0665           11            1            1       0.0015   0.00122522            0
		0
		13   4.1638e-18  1.66552e-17       -0.068           12            1            1       0.0015   0.00122522            0
		0
		14  4.25565e-18  1.70226e-17      -0.0695           13            1            1       0.0015   0.00122522            0
		0
		15   4.3475e-18    1.739e-17       -0.071           14            1            1       0.0015   0.00122522            0
		0
		16     0.141406   -0.0622471        -0.05            1            2            2       0.1545    0.0485376            0
		0
		17     0.282811    -0.124494        -0.05           16            2            2       0.1545    0.0485376            0
		0
		18     0.424217    -0.186741        -0.05           17            2            2       0.1545    0.0485376            0
		0
		19     0.565622    -0.248988        -0.05           18            2            2       0.1545    0.0485376            0
		0
		20     0.707028    -0.311235        -0.05           19            2            2       0.1545    0.0485376            0
		0
		21     0.848434    -0.373483        -0.05           20            2            2       0.1545    0.0485376            0
		0
		22     0.989839     -0.43573        -0.05           21            2            2       0.1545    0.0485376            0
		0
		23      1.13124    -0.497977        -0.05           22            2            2       0.1545    0.0485376            0
		0
		24      1.27265    -0.560224        -0.05           23            2            2       0.1545    0.0485376            0
		0
		25      1.41406    -0.622471        -0.05           24            2            2       0.1545    0.0485376            0
		0
		26      1.55546    -0.684718        -0.05           25            2            2       0.1545    0.0485376            0
		0
		27   -0.0658205    0.0713942    -0.071671            1            5            3    0.0999008   0.00627695            0
		0
		28     0.087311    -0.127464      -0.0515            2            2            4       0.1545    0.0485376            0
		0
		29     0.174622    -0.254928      -0.0515           28            2            4       0.1545    0.0485376            0
		0
		30     0.261933    -0.382392      -0.0515           29            2            4       0.1545    0.0485376            0
		0
		31     0.349244    -0.509855      -0.0515           30            2            4       0.1545    0.0485376            0
		0
		32     0.436555    -0.637319      -0.0515           31            2            4       0.1545    0.0485376            0
		0
		33     0.523866    -0.764783      -0.0515           32            2            4       0.1545    0.0485376            0
		0
		34     0.611177    -0.892247      -0.0515           33            2            4       0.1545    0.0485376            0
		0
		35     0.698488     -1.01971      -0.0515           34            2            4       0.1545    0.0485376            0
		0
		36     0.785799     -1.14717      -0.0515           35            2            4       0.1545    0.0485376            0
		0
		37      0.87311     -1.27464      -0.0515           36            2            4       0.1545    0.0485376            0
		0
		38     0.960421      -1.4021      -0.0515           37            2            4       0.1545    0.0485376            0
		0
		39    0.0933867    0.0135608   -0.0700158            2            5            5    0.0999008   0.00627695            0
		0
		40   -0.0686676     0.138402       -0.053            3            2            6       0.1545    0.0485376            0
		0
		41    -0.137335     0.276803       -0.053           40            2            6       0.1545    0.0485376            0
		0
		42    -0.206003     0.415205       -0.053           41            2            6       0.1545    0.0485376            0
		0
		43     -0.27467     0.553607       -0.053           42            2            6       0.1545    0.0485376            0
		0
		44    -0.343338     0.692008       -0.053           43            2            6       0.1545    0.0485376            0
		0
		45    -0.412006      0.83041       -0.053           44            2            6       0.1545    0.0485376            0
		0
		46    -0.480673     0.968811       -0.053           45            2            6       0.1545    0.0485376            0
		0
		47    -0.549341      1.10721       -0.053           46            2            6       0.1545    0.0485376            0
		0
		48    -0.618008      1.24561       -0.053           47            2            6       0.1545    0.0485376            0
		0
		49    -0.686676      1.38402       -0.053           48            2            6       0.1545    0.0485376            0
		0
		50    -0.755343      1.52242       -0.053           49            2            6       0.1545    0.0485376            0
		0
		51    0.0329531   -0.0496097   -0.0844935            3            5            7    0.0999008   0.00627695            0
		0
		52    0.0245935      0.15253      -0.0545            4            2            8       0.1545    0.0485376            0
		0
		53     0.049187      0.30506      -0.0545           52            2            8       0.1545    0.0485376            0
		0
		54    0.0737804      0.45759      -0.0545           53            2            8       0.1545    0.0485376            0
		0
		55    0.0983739      0.61012      -0.0545           54            2            8       0.1545    0.0485376            0
		0
		56     0.122967      0.76265      -0.0545           55            2            8       0.1545    0.0485376            0
		0
		57     0.147561      0.91518      -0.0545           56            2            8       0.1545    0.0485376            0
		0
		58     0.172154      1.06771      -0.0545           57            2            8       0.1545    0.0485376            0
		0
		59     0.196748      1.22024      -0.0545           58            2            8       0.1545    0.0485376            0
		0
		60     0.221341      1.37277      -0.0545           59            2            8       0.1545    0.0485376            0
		0
		61     0.245935       1.5253      -0.0545           60            2            8       0.1545    0.0485376            0
		0
		62     0.270528      1.67783      -0.0545           61            2            8       0.1545    0.0485376            0
		0
		63    0.0451031    0.0811451    -0.076377            4            5            9    0.0999008   0.00627695            0
		0
		64   -0.0642357     0.140513       -0.056            5            2           10       0.1545    0.0485376            0
		0
		65    -0.128471     0.281027       -0.056           64            2           10       0.1545    0.0485376            0
		0
		66    -0.192707      0.42154       -0.056           65            2           10       0.1545    0.0485376            0
		0
		67    -0.256943     0.562054       -0.056           66            2           10       0.1545    0.0485376            0
		0
		68    -0.321178     0.702567       -0.056           67            2           10       0.1545    0.0485376            0
		0
		69    -0.385414     0.843081       -0.056           68            2           10       0.1545    0.0485376            0
		0
		70     -0.44965     0.983594       -0.056           69            2           10       0.1545    0.0485376            0
		0
		71    -0.513886      1.12411       -0.056           70            2           10       0.1545    0.0485376            0
		0
		72    -0.578121      1.26462       -0.056           71            2           10       0.1545    0.0485376            0
		0
		73    -0.642357      1.40513       -0.056           72            2           10       0.1545    0.0485376            0
		0
		74    -0.706593      1.54565       -0.056           73            2           10       0.1545    0.0485376            0
		0
		75   -0.0520993   -0.0703507   -0.0772175            5            5           11    0.0999008   0.00627695            0
		0
		76     0.153182    0.0201392      -0.0575            6            2           12       0.1545    0.0485376            0
		0
		77     0.306364    0.0402783      -0.0575           76            2           12       0.1545    0.0485376            0
		0
		78     0.459545    0.0604175      -0.0575           77            2           12       0.1545    0.0485376            0
		0
		79     0.612727    0.0805567      -0.0575           78            2           12       0.1545    0.0485376            0
		0
		80     0.765909     0.100696      -0.0575           79            2           12       0.1545    0.0485376            0
		0
		81     0.919091     0.120835      -0.0575           80            2           12       0.1545    0.0485376            0
		0
		82      1.07227     0.140974      -0.0575           81            2           12       0.1545    0.0485376            0
		0
		83      1.22545     0.161113      -0.0575           82            2           12       0.1545    0.0485376            0
		0
		84      1.37864     0.181253      -0.0575           83            2           12       0.1545    0.0485376            0
		0
		85      1.53182     0.201392      -0.0575           84            2           12       0.1545    0.0485376            0
		0
		86        1.685     0.221531      -0.0575           85            2           12       0.1545    0.0485376            0
		0
		87    0.0556538   -0.0552547     -0.10414            6            5           13    0.0999008   0.00627695            0
		0
		88     -0.13098    -0.081942       -0.059            7            2           14       0.1545    0.0485376            0
		0
		89     -0.26196    -0.163884       -0.059           88            2           14       0.1545    0.0485376            0
		0
		90     -0.39294    -0.245826       -0.059           89            2           14       0.1545    0.0485376            0
		0
		91     -0.52392    -0.327768       -0.059           90            2           14       0.1545    0.0485376            0
		0
		92      -0.6549     -0.40971       -0.059           91            2           14       0.1545    0.0485376            0
		0
		93     -0.78588    -0.491652       -0.059           92            2           14       0.1545    0.0485376            0
		0
		94     -0.91686    -0.573594       -0.059           93            2           14       0.1545    0.0485376            0
		0
		95     -1.04784    -0.655536       -0.059           94            2           14       0.1545    0.0485376            0
		0
		96     -1.17882    -0.737478       -0.059           95            2           14       0.1545    0.0485376            0
		0
		97      -1.3098     -0.81942       -0.059           96            2           14       0.1545    0.0485376            0
		0
		98     -1.44078    -0.901362       -0.059           97            2           14       0.1545    0.0485376            0
		0
		99   -0.0944239    0.0167719   -0.0576178            7            5           15    0.0999008   0.00627695            0
		0
		100     0.1531161   -0.02063263       -0.0605             8             2            16        0.1545    0.04853761             0
		0
		101     0.3062322   -0.04126526       -0.0605           100             2            16        0.1545    0.04853761             0
		0
		102     0.4593483   -0.06189789       -0.0605           101             2            16        0.1545    0.04853761             0
		0
		103     0.6124645   -0.08253053       -0.0605           102             2            16        0.1545    0.04853761             0
		0
		104     0.7655806    -0.1031632       -0.0605           103             2            16        0.1545    0.04853761             0
		0
		105     0.9186967    -0.1237958       -0.0605           104             2            16        0.1545    0.04853761             0
		0
		106      1.071813    -0.1444284       -0.0605           105             2            16        0.1545    0.04853761             0
		0
		107      1.224929    -0.1650611       -0.0605           106             2            16        0.1545    0.04853761             0
		0
		108      1.378045    -0.1856937       -0.0605           107             2            16        0.1545    0.04853761             0
		0
		109      1.531161    -0.2063263       -0.0605           108             2            16        0.1545    0.04853761             0
		0
		110      1.684277    -0.2269589       -0.0605           109             2            16        0.1545    0.04853761             0
		0
		111     -0.079099   -0.05257888   -0.09140352             8             5            17    0.09990079   0.006276952             0
		0
		112    0.06127997    -0.1418274        -0.062             9             2            18        0.1545    0.04853761             0
		0
		113     0.1225599    -0.2836548        -0.062           112             2            18        0.1545    0.04853761             0
		0
		114     0.1838399    -0.4254822        -0.062           113             2            18        0.1545    0.04853761             0
		0
		115     0.2451199    -0.5673097        -0.062           114             2            18        0.1545    0.04853761             0
		0
		116     0.3063999    -0.7091371        -0.062           115             2            18        0.1545    0.04853761             0
		0
		117     0.3676798    -0.8509645        -0.062           116             2            18        0.1545    0.04853761             0
		0
		118     0.4289598    -0.9927919        -0.062           117             2            18        0.1545    0.04853761             0
		0
		119     0.4902398     -1.134619        -0.062           118             2            18        0.1545    0.04853761             0
		0
		120     0.5515197     -1.276447        -0.062           119             2            18        0.1545    0.04853761             0
		0
		121     0.6127997     -1.418274        -0.062           120             2            18        0.1545    0.04853761             0
		0
		122     0.6740797     -1.560102        -0.062           121             2            18        0.1545    0.04853761             0
		0
		123   -0.04366672    -0.0640878    -0.1229313             9             5            19    0.09990079   0.006276952             0
		0
		124   -0.01545551     -0.153725       -0.0635            10             2            20        0.1545    0.04853761             0
		0
		125   -0.03091102      -0.30745       -0.0635           124             2            20        0.1545    0.04853761             0
		0
		126   -0.04636652     -0.461175       -0.0635           125             2            20        0.1545    0.04853761             0
		0
		127   -0.06182203       -0.6149       -0.0635           126             2            20        0.1545    0.04853761             0
		0
		128   -0.07727754     -0.768625       -0.0635           127             2            20        0.1545    0.04853761             0
		0
		129   -0.09273305      -0.92235       -0.0635           128             2            20        0.1545    0.04853761             0
		0
		130    -0.1081886     -1.076075       -0.0635           129             2            20        0.1545    0.04853761             0
		0
		131    -0.1236441       -1.2298       -0.0635           130             2            20        0.1545    0.04853761             0
		0
		132    -0.1390996     -1.383525       -0.0635           131             2            20        0.1545    0.04853761             0
		0
		133    -0.1545551      -1.53725       -0.0635           132             2            20        0.1545    0.04853761             0
		0
		134    -0.1700106     -1.690975       -0.0635           133             2            20        0.1545    0.04853761             0
		0
		135   -0.08075212   -0.05595312   -0.07579047            10             5            21    0.09990079   0.006276952             0
		0
		136     0.1264527   -0.08876922        -0.065            11             2            22        0.1545    0.04853761             0
		0
		137     0.2529053    -0.1775384        -0.065           136             2            22        0.1545    0.04853761             0
		0
		138      0.379358    -0.2663077        -0.065           137             2            22        0.1545    0.04853761             0
		0
		139     0.5058106    -0.3550769        -0.065           138             2            22        0.1545    0.04853761             0
		0
		140     0.6322633    -0.4438461        -0.065           139             2            22        0.1545    0.04853761             0
		0
		141      0.758716    -0.5326153        -0.065           140             2            22        0.1545    0.04853761             0
		0
		142     0.8851686    -0.6213845        -0.065           141             2            22        0.1545    0.04853761             0
		0
		143      1.011621    -0.7101538        -0.065           142             2            22        0.1545    0.04853761             0
		0
		144      1.138074     -0.798923        -0.065           143             2            22        0.1545    0.04853761             0
		0
		145      1.264527    -0.8876922        -0.065           144             2            22        0.1545    0.04853761             0
		0
		146      1.390979    -0.9764614        -0.065           145             2            22        0.1545    0.04853761             0
		0
		147    0.06243863    0.04850825   -0.08192477            11             5            23    0.09990079   0.006276952             0
		0
		148    -0.1544888  -0.001863913       -0.0665            12             2            24        0.1545    0.04853761             0
		0
		149    -0.3089775  -0.003727826       -0.0665           148             2            24        0.1545    0.04853761             0
		0
		150    -0.4634663  -0.005591739       -0.0665           149             2            24        0.1545    0.04853761             0
		0
		151     -0.617955  -0.007455652       -0.0665           150             2            24        0.1545    0.04853761             0
		0
		152    -0.7724438  -0.009319565       -0.0665           151             2            24        0.1545    0.04853761             0
		0
		153    -0.9269325   -0.01118348       -0.0665           152             2            24        0.1545    0.04853761             0
		0
		154     -1.081421   -0.01304739       -0.0665           153             2            24        0.1545    0.04853761             0
		0
		155      -1.23591    -0.0149113       -0.0665           154             2            24        0.1545    0.04853761             0
		0
		156     -1.390399   -0.01677522       -0.0665           155             2            24        0.1545    0.04853761             0
		0
		157     -1.544888   -0.01863913       -0.0665           156             2            24        0.1545    0.04853761             0
		0
		158     -1.699376   -0.02050304       -0.0665           157             2            24        0.1545    0.04853761             0
		0
		159    0.09241533    0.03047688   -0.06270227            12             5            25    0.09990079   0.006276952             0
		0
		160    -0.1503884    0.03540583        -0.068            13             2            26        0.1545    0.04853761             0
		0
		161    -0.3007768    0.07081166        -0.068           160             2            26        0.1545    0.04853761             0
		0
		162    -0.4511653     0.1062175        -0.068           161             2            26        0.1545    0.04853761             0
		0
		163    -0.6015537     0.1416233        -0.068           162             2            26        0.1545    0.04853761             0
		0
		164    -0.7519421     0.1770292        -0.068           163             2            26        0.1545    0.04853761             0
		0
		165    -0.9023305      0.212435        -0.068           164             2            26        0.1545    0.04853761             0
		0
		166     -1.052719     0.2478408        -0.068           165             2            26        0.1545    0.04853761             0
		0
		167     -1.203107     0.2832467        -0.068           166             2            26        0.1545    0.04853761             0
		0
		168     -1.353496     0.3186525        -0.068           167             2            26        0.1545    0.04853761             0
		0
		169     -1.503884     0.3540583        -0.068           168             2            26        0.1545    0.04853761             0
		0
		170     -1.654273     0.3894642        -0.068           169             2            26        0.1545    0.04853761             0
		0
		171   -0.03412107    0.08470643   -0.09002239            13             5            27    0.09990079   0.006276952             0
		0
		172    -0.1305216    0.08267024       -0.0695            14             2            28        0.1545    0.04853761             0
		0
		173    -0.2610431     0.1653405       -0.0695           172             2            28        0.1545    0.04853761             0
		0
		174    -0.3915647     0.2480107       -0.0695           173             2            28        0.1545    0.04853761             0
		0
		175    -0.5220863      0.330681       -0.0695           174             2            28        0.1545    0.04853761             0
		0
		176    -0.6526079     0.4133512       -0.0695           175             2            28        0.1545    0.04853761             0
		0
		177    -0.7831294     0.4960214       -0.0695           176             2            28        0.1545    0.04853761             0
		0
		178     -0.913651     0.5786917       -0.0695           177             2            28        0.1545    0.04853761             0
		0
		179     -1.044173     0.6613619       -0.0695           178             2            28        0.1545    0.04853761             0
		0
		180     -1.174694     0.7440322       -0.0695           179             2            28        0.1545    0.04853761             0
		0
		181     -1.305216     0.8267024       -0.0695           180             2            28        0.1545    0.04853761             0
		0
		182     -1.435737     0.9093727       -0.0695           181             2            28        0.1545    0.04853761             0
		0
		183  -0.002216323    0.09872865   -0.08244073            14             5            29    0.09990079   0.006276952             0
		0
		184   -0.01873676     0.1533597        -0.071            15             2            30        0.1545    0.04853761             0
		0
		185   -0.03747352     0.3067193        -0.071           184             2            30        0.1545    0.04853761             0
		0
		186   -0.05621028      0.460079        -0.071           185             2            30        0.1545    0.04853761             0
		0
		187   -0.07494704     0.6134386        -0.071           186             2            30        0.1545    0.04853761             0
		0
		188   -0.09368381     0.7667983        -0.071           187             2            30        0.1545    0.04853761             0
		0
		189    -0.1124206     0.9201579        -0.071           188             2            30        0.1545    0.04853761             0
		0
		190    -0.1311573      1.073518        -0.071           189             2            30        0.1545    0.04853761             0
		0
		191    -0.1498941      1.226877        -0.071           190             2            30        0.1545    0.04853761             0
		0
		192    -0.1686308      1.380237        -0.071           191             2            30        0.1545    0.04853761             0
		0
		193    -0.1873676      1.533597        -0.071           192             2            30        0.1545    0.04853761             0
		0
		194    -0.2061044      1.686956        -0.071           193             2            30        0.1545    0.04853761             0
		0
		195   -0.02424003   -0.04592164    -0.1292333            15             5            31    0.09990079   0.006276952             0
		0
		196     0.1134899     -0.154816   -0.04942115            16             5            32    0.09990079   0.006276952             0
		0
		197     0.3209369     -0.195949   -0.08038183            17             5            33    0.09990079   0.006276952             0
		0
		198     0.5089711    -0.1552481   -0.07705279            18             5            34    0.09990079   0.006276952             0
		0
		199      0.542977    -0.3254354     -0.108694            19             5            35    0.09990079   0.006276952             0
		0
		200      0.759406     -0.331983    -0.1325001            20             5            36    0.09990079   0.006276952             0
		0
		201     0.8246554    -0.4068787    -0.1403362            21             5            37    0.09990079   0.006276952             0
		0
		202      1.073493    -0.4423255   -0.07799545            22             5            38    0.09990079   0.006276952             0
		0
		203       1.22482    -0.5242572   -0.07052105            23             5            39    0.09990079   0.006276952             0
		0
		204      1.362548    -0.5285776   -0.06028259            24             5            40    0.09990079   0.006276952             0
		0
		205      1.401509    -0.5390332   -0.09653782            25             5            41    0.09990079   0.006276952             0
		0
		206      1.498744    -0.6482088    -0.1234505            26             5            42    0.09990079   0.006276952             0
		0
		207    0.01369715   -0.06746877   -0.07828614            28             5            43    0.09990079   0.006276952             0
		0
		208     0.1405379    -0.3483076   -0.05462862            29             5            44    0.09990079   0.006276952             0
		0
		209     0.2976128    -0.4663613    -0.0915833            30             5            45    0.09990079   0.006276952             0
		0
		210     0.2629294    -0.5545528   -0.06017013            31             5            46    0.09990079   0.006276952             0
		0
		211     0.4996773     -0.703618   -0.08292037            32             5            47    0.09990079   0.006276952             0
		0
		212     0.5763176    -0.8242657   -0.05999821            33             5            48    0.09990079   0.006276952             0
		0
		213     0.5498258    -0.9446217    -0.1056624            34             5            49    0.09990079   0.006276952             0
		0
		214     0.6477342     -1.055665    -0.1093401            35             5            50    0.09990079   0.006276952             0
		0
		215     0.8049145     -1.092945    -0.1325896            36             5            51    0.09990079   0.006276952             0
		0
		216     0.9589018     -1.324082   -0.05042284            37             5            52    0.09990079   0.006276952             0
		0
		217      1.014102     -1.399776    -0.1329551            38             5            53    0.09990079   0.006276952             0
		0
		218    0.01821831     0.1127397   -0.09279354            40             5            54    0.09990079   0.006276952             0
		0
		219    -0.2026885     0.2059329   -0.07194569            41             5            55    0.09990079   0.006276952             0
		0
		220    -0.1286082     0.4278229   -0.08481423            42             5            56    0.09990079   0.006276952             0
		0
		221    -0.1775815     0.5746294   -0.06321325            43             5            57    0.09990079   0.006276952             0
		0
		222    -0.3944968     0.7386462    -0.1214872            44             5            58    0.09990079   0.006276952             0
		0
		223    -0.3416775     0.8345742   -0.08574709            45             5            59    0.09990079   0.006276952             0
		0
		224    -0.5197289      1.060324   -0.05946751            46             5            60    0.09990079   0.006276952             0
		0
		225     -0.541541      1.188761   -0.05102291            47             5            61    0.09990079   0.006276952             0
		0
		226    -0.6058397      1.169279   -0.09236992            48             5            62    0.09990079   0.006276952             0
		0
		227    -0.7007576      1.459092    -0.1080357            49             5            63    0.09990079   0.006276952             0
		0
		228    -0.7458143      1.605069     -0.108115            50             5            64    0.09990079   0.006276952             0
		0
		229    0.04058819    0.05866159   -0.07807402            52             5            65    0.09990079   0.006276952             0
		0
		230     0.1457063     0.3299294   -0.05774447            53             5            66    0.09990079   0.006276952             0
		0
		231   -0.01553083     0.4245565   -0.06857891            54             5            67    0.09990079   0.006276952             0
		0
		232     0.1884817      0.586188   -0.08657479            55             5            68    0.09990079   0.006276952             0
		0
		233     0.1013034     0.8534361   -0.06698156            56             5            69    0.09990079   0.006276952             0
		0
		234    0.08258023     0.9807851   -0.07776472            57             5            70    0.09990079   0.006276952             0
		0
		235    0.07566983      1.076225   -0.06120746            58             5            71    0.09990079   0.006276952             0
		0
		236     0.2256734      1.310712   -0.07111232            59             5            72    0.09990079   0.006276952             0
		0
		237     0.2702121        1.4597   -0.05741001            60             5            73    0.09990079   0.006276952             0
		0
		238     0.1536012      1.494494   -0.06389225            61             5            74    0.09990079   0.006276952             0
		0
		239     0.2448146      1.773335   -0.05731732            62             5            75    0.09990079   0.006276952             0
		0
		240   -0.02448551     0.2197012   -0.06611454            64             5            76    0.09990079   0.006276952             0
		0
		241   -0.05048054     0.3416462   -0.06972705            65             5            77    0.09990079   0.006276952             0
		0
		242    -0.1476598     0.4645457    -0.1304893            66             5            78    0.09990079   0.006276952             0
		0
		243     -0.180218     0.6240467   -0.06623389            67             5            79    0.09990079   0.006276952             0
		0
		244    -0.2257696     0.7053594   -0.07657253            68             5            80    0.09990079   0.006276952             0
		0
		245     -0.332348     0.9261308    -0.0621514            69             5            81    0.09990079   0.006276952             0
		0
		246    -0.3559519      1.016757    -0.0608169            70             5            82    0.09990079   0.006276952             0
		0
		247    -0.5315949      1.221119   -0.06230467            71             5            83    0.09990079   0.006276952             0
		0
		248    -0.5384225      1.187352   -0.08748077            72             5            84    0.09990079   0.006276952             0
		0
		249    -0.7342214        1.4331   -0.08018323            73             5            85    0.09990079   0.006276952             0
		0
		250    -0.6353546      1.613771   -0.05657403            74             5            86    0.09990079   0.006276952             0
		0
		251     0.1883175    0.09391577    -0.1073179            76             5            87    0.09990079   0.006276952             0
		0
		252     0.2167071  -0.003170443   -0.05943165            77             5            88    0.09990079   0.006276952             0
		0
		253     0.5228025     0.1376649   -0.05449777            78             5            89    0.09990079   0.006276952             0
		0
		254     0.7007773    0.05944646    -0.0756556            79             5            90    0.09990079   0.006276952             0
		0
		255      0.863201     0.1059758     -0.067997            80             5            91    0.09990079   0.006276952             0
		0
		256     0.9978225      0.176459    -0.0742722            81             5            92    0.09990079   0.006276952             0
		0
		257      1.158188    0.09646817   -0.07699493            82             5            93    0.09990079   0.006276952             0
		0
		258      1.315663     0.1742013   -0.09397597            83             5            94    0.09990079   0.006276952             0
		0
		259       1.45811     0.1860442   -0.09245234            84             5            95    0.09990079   0.006276952             0
		0
		260        1.6122     0.1495693   -0.08624241            85             5            96    0.09990079   0.006276952             0
		0
		261      1.783982     0.2120878   -0.06680967            86             5            97    0.09990079   0.006276952             0
		0
		262    -0.2078636    -0.1441457   -0.07124455            88             5            98    0.09990079   0.006276952             0
		0
		263    -0.1989274    -0.2075964   -0.07088714            89             5            99    0.09990079   0.006276952             0
		0
		264    -0.4603105     -0.220447    -0.1223923            90             5           100    0.09990079   0.006276952             0
		0
		265    -0.5520748    -0.4225232   -0.06694054            91             5           101    0.09990079   0.006276952             0
		0
		266     -0.744844    -0.4125951   -0.09765883            92             5           102    0.09990079   0.006276952             0
		0
		267    -0.8355846     -0.569412   -0.09182709            93             5           103    0.09990079   0.006276952             0
		0
		268    -0.8652088    -0.6573383   -0.07605365            94             5           104    0.09990079   0.006276952             0
		0
		269     -1.128123    -0.6031649     -0.083908            95             5           105    0.09990079   0.006276952             0
		0
		270     -1.110373    -0.7669422    -0.1225179            96             5           106    0.09990079   0.006276952             0
		0
		271     -1.223013    -0.7805231   -0.07110798            97             5           107    0.09990079   0.006276952             0
		0
		272     -1.470736    -0.9895056   -0.07514834            98             5           108    0.09990079   0.006276952             0
		0
		273     0.1616949    0.07872752   -0.05765039           100             5           109    0.09990079   0.006276952             0
		0
		274     0.2729314    -0.1353998   -0.06256631           101             5           110    0.09990079   0.006276952             0
		0
		275     0.4809282    0.02163829     -0.102084           102             5           111    0.09990079   0.006276952             0
		0
		276     0.6556723    -0.1630243   -0.09411646           103             5           112    0.09990079   0.006276952             0
		0
		277     0.7202456    -0.1437176    -0.1072778           104             5           113    0.09990079   0.006276952             0
		0
		278     0.9532733   -0.03051875   -0.05985771           105             5           114    0.09990079   0.006276952             0
		0
		279      1.048745    -0.2027786    -0.1209733           106             5           115    0.09990079   0.006276952             0
		0
		280      1.267826    -0.1334908    -0.1263561           107             5           116    0.09990079   0.006276952             0
		0
		281      1.384199     -0.139975    -0.0744472           108             5           117    0.09990079   0.006276952             0
		0
		282      1.597266    -0.1430252   -0.07292052           109             5           118    0.09990079   0.006276952             0
		0
		283      1.625091    -0.3019469   -0.08390091           110             5           119    0.09990079   0.006276952             0
		0
		284     0.1454354   -0.08902347   -0.06859441           112             5           120    0.09990079   0.006276952             0
		0
		285     0.1840995    -0.2567852    -0.1121477           113             5           121    0.09990079   0.006276952             0
		0
		286     0.2749495    -0.4522661   -0.08143162           114             5           122    0.09990079   0.006276952             0
		0
		287     0.1902104    -0.6472446   -0.08455451           115             5           123    0.09990079   0.006276952             0
		0
		288     0.3658324    -0.7893568   -0.05978833           116             5           124    0.09990079   0.006276952             0
		0
		289     0.4113559    -0.9035738     -0.079579           117             5           125    0.09990079   0.006276952             0
		0
		290      0.379937     -1.078252   -0.06054352           118             5           126    0.09990079   0.006276952             0
		0
		291     0.4313048     -1.214755   -0.05891518           119             5           127    0.09990079   0.006276952             0
		0
		292     0.5136833     -1.205977   -0.07849997           120             5           128    0.09990079   0.006276952             0
		0
		293     0.6379509     -1.477337    -0.1045063           121             5           129    0.09990079   0.006276952             0
		0
		294      0.617554     -1.630915   -0.08469307           122             5           130    0.09990079   0.006276952             0
		0
		295   -0.01754152    -0.2131511    -0.1389042           124             5           131    0.09990079   0.006276952             0
		0
		296   0.007141365    -0.2741063    -0.1231802           125             5           132    0.09990079   0.006276952             0
		0
		297   -0.01145649    -0.3707135   -0.08275448           126             5           133    0.09990079   0.006276952             0
		0
		298   -0.01171981    -0.6208059    -0.1291282           127             5           134    0.09990079   0.006276952             0
		0
		299    0.01871823    -0.7893427   -0.07156581           128             5           135    0.09990079   0.006276952             0
		0
		300   -0.03107193    -0.9929263   -0.09805067           129             5           136    0.09990079   0.006276952             0
		0
		301   -0.06599219     -1.145892    -0.1199304           130             5           137    0.09990079   0.006276952             0
		0
		302    -0.1192195      -1.31514   -0.06258934           131             5           138    0.09990079   0.006276952             0
		0
		303    -0.1668221     -1.467953    -0.1079508           132             5           139    0.09990079   0.006276952             0
		0
		304    -0.2200546     -1.484553    -0.1010565           133             5           140    0.09990079   0.006276952             0
		0
		305    -0.2604582     -1.679092   -0.09418159           134             5           141    0.09990079   0.006276952             0
		0
		306      0.195307    -0.1147345    -0.1324702           136             5           142    0.09990079   0.006276952             0
		0
		307     0.3446679    -0.1745396    -0.1016628           137             5           143    0.09990079   0.006276952             0
		0
		308     0.4203181    -0.1792316   -0.07619629           138             5           144    0.09990079   0.006276952             0
		0
		309     0.5160497    -0.4022279    -0.1483924           139             5           145    0.09990079   0.006276952             0
		0
		310     0.6681254    -0.5182757    -0.0705447           140             5           146    0.09990079   0.006276952             0
		0
		311     0.7022712    -0.5618323    -0.1420747           141             5           147    0.09990079   0.006276952             0
		0
		312     0.8070673    -0.6159107   -0.09656942           142             5           148    0.09990079   0.006276952             0
		0
		313     0.9648611    -0.7980176   -0.07290207           143             5           149    0.09990079   0.006276952             0
		0
		314      1.228411    -0.7683339   -0.09091162           144             5           150    0.09990079   0.006276952             0
		0
		315      1.337125    -0.8941655    -0.1324529           145             5           151    0.09990079   0.006276952             0
		0
		316      1.334732     -1.055765   -0.07922624           146             5           152    0.09990079   0.006276952             0
		0
		317    -0.2467673   -0.02656078   -0.09135129           148             5           153    0.09990079   0.006276952             0
		0
		318    -0.3926756   -0.03444257   -0.09312765           149             5           154    0.09990079   0.006276952             0
		0
		319     -0.551881    0.03589247   -0.07596081           150             5           155    0.09990079   0.006276952             0
		0
		320    -0.6871946    0.06280548    -0.0775982           151             5           156    0.09990079   0.006276952             0
		0
		321    -0.6790498    0.02601255   -0.06467991           152             5           157    0.09990079   0.006276952             0
		0
		322    -0.9939269     0.0398587   -0.09643952           153             5           158    0.09990079   0.006276952             0
		0
		323     -1.130605    0.06394746    -0.1066832           154             5           159    0.09990079   0.006276952             0
		0
		324     -1.279635   -0.09870542   -0.09821232           155             5           160    0.09990079   0.006276952             0
		0
		325     -1.349023    -0.1014179   -0.06880398           156             5           161    0.09990079   0.006276952             0
		0
		326     -1.509446   -0.06674997   -0.08684697           157             5           162    0.09990079   0.006276952             0
		0
		327     -1.794997   -0.04398944   -0.08068741           158             5           163    0.09990079   0.006276952             0
		0
		328    -0.1046215   -0.04566647   -0.06486602           160             5           164    0.09990079   0.006276952             0
		0
		329    -0.3625371    0.07669284    -0.1351457           161             5           165    0.09990079   0.006276952             0
		0
		330     -0.539511     0.1389835   -0.09905783           162             5           166    0.09990079   0.006276952             0
		0
		331    -0.5984861     0.1478546    -0.1212536           163             5           167    0.09990079   0.006276952             0
		0
		332    -0.7995388     0.2586015   -0.09699337           164             5           168    0.09990079   0.006276952             0
		0
		333     -1.001043     0.2226154   -0.07251691           165             5           169    0.09990079   0.006276952             0
		0
		334     -1.051745     0.1490715   -0.07251463           166             5           170    0.09990079   0.006276952             0
		0
		335     -1.118256     0.3188237   -0.07634492           167             5           171    0.09990079   0.006276952             0
		0
		336     -1.363726     0.4033054    -0.1191091           168             5           172    0.09990079   0.006276952             0
		0
		337     -1.554546     0.4371973   -0.08504675           169             5           173    0.09990079   0.006276952             0
		0
		338     -1.611513     0.4785792   -0.07092424           170             5           174    0.09990079   0.006276952             0
		0
		339   -0.07160208   0.004574776    -0.0780729           172             5           175    0.09990079   0.006276952             0
		0
		340    -0.3193131    0.08472397   -0.07362216           173             5           176    0.09990079   0.006276952             0
		0
		341    -0.4203871     0.1541205   -0.07979707           174             5           177    0.09990079   0.006276952             0
		0
		342    -0.5924713     0.2754074   -0.09792976           175             5           178    0.09990079   0.006276952             0
		0
		343     -0.739791     0.3876886   -0.08714529           176             5           179    0.09990079   0.006276952             0
		0
		344    -0.8097433      0.583698   -0.09524226           177             5           180    0.09990079   0.006276952             0
		0
		345    -0.8477341     0.6533657   -0.07611669           178             5           181    0.09990079   0.006276952             0
		0
		346     -1.129047     0.7098245   -0.06496116           179             5           182    0.09990079   0.006276952             0
		0
		347     -1.130776     0.8226511    -0.1055111           180             5           183    0.09990079   0.006276952             0
		0
		348     -1.292211     0.7305722   -0.07499016           181             5           184    0.09990079   0.006276952             0
		0
		349     -1.389482     0.8615183     -0.131834           182             5           185    0.09990079   0.006276952             0
		0
		350   0.002124093    0.07730627    -0.1304986           184             5           186    0.09990079   0.006276952             0
		0
		351    0.01292273     0.3904593   -0.09163712           185             5           187    0.09990079   0.006276952             0
		0
		352    -0.1500818      0.482662   -0.08694346           186             5           188    0.09990079   0.006276952             0
		0
		353    -0.0728798     0.7128669    -0.0711183           187             5           189    0.09990079   0.006276952             0
		0
		354    -0.1915662     0.7659321   -0.08315232           188             5           190    0.09990079   0.006276952             0
		0
		355    -0.1972667     0.9413562    -0.1141645           189             5           191    0.09990079   0.006276952             0
		0
		356   -0.04569076      1.022077   -0.07179994           190             5           192    0.09990079   0.006276952             0
		0
		357   -0.06720613      1.204353    -0.1013077           191             5           193    0.09990079   0.006276952             0
		0
		358    -0.2605455      1.419077   -0.07206393           192             5           194    0.09990079   0.006276952             0
		0
		359    -0.2402422      1.580701    -0.1311272           193             5           195    0.09990079   0.006276952             0
		0
		360    -0.2987333      1.705234    -0.1029339           194             5           196    0.09990079   0.006276952             0
		0

Total # of growing branch tips:
		196

tipID#    xg          yg          zg      sg.bhd.tp. ord  br#  tot.br.lgth. axs#
overlength  # of estblished points
time of establishing (-->)
		1   4.3475e-18    1.739e-17       -0.071           15            1            1        0.072            0
		0  0
		2      1.55546    -0.684718        -0.05           26            2            2       1.6995            0
		0  0
		3   -0.065821    0.071394   -0.071671           2           5           3    0.099901           0
		0  0
		4     0.960421      -1.4021      -0.0515           38            2            4       1.6995            0
		0  0
		5    0.093387    0.013561   -0.070016           3           5           5    0.099901           0
		0  0
		6    -0.755343      1.52242       -0.053           50            2            6       1.6995            0
		0  0
		7    0.032953    -0.04961   -0.084493           4           5           7    0.099901           0
		0  0
		8     0.270528      1.67783      -0.0545           62            2            8       1.6995            0
		0  0
		9    0.045103    0.081145   -0.076377           5           5           9    0.099901           0
		0  0
		10    -0.706593      1.54565       -0.056           74            2           10       1.6995            0
		0  0
		11   -0.0520993   -0.0703507   -0.0772175            6            5           11    0.0999008            0
		0  0
		12        1.685     0.221531      -0.0575           86            2           12       1.6995            0
		0  0
		13    0.0556538   -0.0552547     -0.10414            7            5           13    0.0999008            0
		0  0
		14     -1.44078    -0.901362       -0.059           98            2           14       1.6995            0
		0  0
		15   -0.0944239    0.0167719   -0.0576178            8            5           15    0.0999008            0
		0  0
		16      1.684277    -0.2269589       -0.0605           110             2            16        1.6995             0
		0  0
		17    -0.079099   -0.0525789   -0.0914035            9            5           17    0.0999008            0
		0  0
		18     0.6740797     -1.560102        -0.062           122             2            18        1.6995             0
		0  0
		19   -0.0436667   -0.0640878    -0.122931           10            5           19    0.0999008            0
		0  0
		20    -0.1700106     -1.690975       -0.0635           134             2            20        1.6995             0
		0  0
		21   -0.0807521   -0.0559531   -0.0757905           11            5           21    0.0999008            0
		0  0
		22      1.390979    -0.9764614        -0.065           146             2            22        1.6995             0
		0  0
		23    0.0624386    0.0485083   -0.0819248           12            5           23    0.0999008            0
		0  0
		24     -1.699376   -0.02050304       -0.0665           158             2            24        1.6995             0
		0  0
		25    0.0924153    0.0304769   -0.0627023           13            5           25    0.0999008            0
		0  0
		26     -1.654273     0.3894642        -0.068           170             2            26        1.6995             0
		0  0
		27   -0.0341211    0.0847064   -0.0900224           14            5           27    0.0999008            0
		0  0
		28     -1.435737     0.9093727       -0.0695           182             2            28        1.6995             0
		0  0
		29  -0.00221632    0.0987287   -0.0824407           15            5           29    0.0999008            0
		0  0
		30    -0.2061044      1.686956        -0.071           194             2            30        1.6995             0
		0  0
		31     -0.02424   -0.0459216    -0.129233           16            5           31    0.0999008            0
		0  0
		32      0.11349    -0.154816   -0.0494211           17            5           32    0.0999008            0
		0  0
		33     0.320937    -0.195949   -0.0803818           18            5           33    0.0999008            0
		0  0
		34     0.508971    -0.155248   -0.0770528           19            5           34    0.0999008            0
		0  0
		35     0.542977    -0.325435    -0.108694           20            5           35    0.0999008            0
		0  0
		36     0.759406    -0.331983      -0.1325           21            5           36    0.0999008            0
		0  0
		37     0.824655    -0.406879    -0.140336           22            5           37    0.0999008            0
		0  0
		38      1.07349    -0.442325   -0.0779954           23            5           38    0.0999008            0
		0  0
		39      1.22482    -0.524257   -0.0705211           24            5           39    0.0999008            0
		0  0
		40      1.36255    -0.528578   -0.0602826           25            5           40    0.0999008            0
		0  0
		41      1.40151    -0.539033   -0.0965378           26            5           41    0.0999008            0
		0  0
		42      1.49874    -0.648209    -0.123451           27            5           42    0.0999008            0
		0  0
		43    0.0136971   -0.0674688   -0.0782861           29            5           43    0.0999008            0
		0  0
		44     0.140538    -0.348308   -0.0546286           30            5           44    0.0999008            0
		0  0
		45     0.297613    -0.466361   -0.0915833           31            5           45    0.0999008            0
		0  0
		46     0.262929    -0.554553   -0.0601701           32            5           46    0.0999008            0
		0  0
		47     0.499677    -0.703618   -0.0829204           33            5           47    0.0999008            0
		0  0
		48     0.576318    -0.824266   -0.0599982           34            5           48    0.0999008            0
		0  0
		49     0.549826    -0.944622    -0.105662           35            5           49    0.0999008            0
		0  0
		50     0.647734     -1.05566     -0.10934           36            5           50    0.0999008            0
		0  0
		51     0.804914     -1.09294     -0.13259           37            5           51    0.0999008            0
		0  0
		52     0.958902     -1.32408   -0.0504228           38            5           52    0.0999008            0
		0  0
		53       1.0141     -1.39978    -0.132955           39            5           53    0.0999008            0
		0  0
		54    0.0182183      0.11274   -0.0927935           41            5           54    0.0999008            0
		0  0
		55    -0.202689     0.205933   -0.0719457           42            5           55    0.0999008            0
		0  0
		56    -0.128608     0.427823   -0.0848142           43            5           56    0.0999008            0
		0  0
		57    -0.177582     0.574629   -0.0632132           44            5           57    0.0999008            0
		0  0
		58    -0.394497     0.738646    -0.121487           45            5           58    0.0999008            0
		0  0
		59    -0.341678     0.834574   -0.0857471           46            5           59    0.0999008            0
		0  0
		60    -0.519729      1.06032   -0.0594675           47            5           60    0.0999008            0
		0  0
		61    -0.541541      1.18876   -0.0510229           48            5           61    0.0999008            0
		0  0
		62     -0.60584      1.16928   -0.0923699           49            5           62    0.0999008            0
		0  0
		63    -0.700758      1.45909    -0.108036           50            5           63    0.0999008            0
		0  0
		64    -0.745814      1.60507    -0.108115           51            5           64    0.0999008            0
		0  0
		65    0.0405882    0.0586616    -0.078074           53            5           65    0.0999008            0
		0  0
		66     0.145706     0.329929   -0.0577445           54            5           66    0.0999008            0
		0  0
		67   -0.0155308     0.424557   -0.0685789           55            5           67    0.0999008            0
		0  0
		68     0.188482     0.586188   -0.0865748           56            5           68    0.0999008            0
		0  0
		69     0.101303     0.853436   -0.0669816           57            5           69    0.0999008            0
		0  0
		70    0.0825802     0.980785   -0.0777647           58            5           70    0.0999008            0
		0  0
		71    0.0756698      1.07622   -0.0612075           59            5           71    0.0999008            0
		0  0
		72     0.225673      1.31071   -0.0711123           60            5           72    0.0999008            0
		0  0
		73     0.270212       1.4597     -0.05741           61            5           73    0.0999008            0
		0  0
		74     0.153601      1.49449   -0.0638922           62            5           74    0.0999008            0
		0  0
		75     0.244815      1.77334   -0.0573173           63            5           75    0.0999008            0
		0  0
		76   -0.0244855     0.219701   -0.0661145           65            5           76    0.0999008            0
		0  0
		77   -0.0504805     0.341646   -0.0697271           66            5           77    0.0999008            0
		0  0
		78     -0.14766     0.464546    -0.130489           67            5           78    0.0999008            0
		0  0
		79    -0.180218     0.624047   -0.0662339           68            5           79    0.0999008            0
		0  0
		80     -0.22577     0.705359   -0.0765725           69            5           80    0.0999008            0
		0  0
		81    -0.332348     0.926131   -0.0621514           70            5           81    0.0999008            0
		0  0
		82    -0.355952      1.01676   -0.0608169           71            5           82    0.0999008            0
		0  0
		83    -0.531595      1.22112   -0.0623047           72            5           83    0.0999008            0
		0  0
		84    -0.538423      1.18735   -0.0874808           73            5           84    0.0999008            0
		0  0
		85    -0.734221       1.4331   -0.0801832           74            5           85    0.0999008            0
		0  0
		86    -0.635355      1.61377    -0.056574           75            5           86    0.0999008            0
		0  0
		87     0.188317    0.0939158    -0.107318           77            5           87    0.0999008            0
		0  0
		88     0.216707  -0.00317044   -0.0594317           78            5           88    0.0999008            0
		0  0
		89     0.522802     0.137665   -0.0544978           79            5           89    0.0999008            0
		0  0
		90     0.700777    0.0594465   -0.0756556           80            5           90    0.0999008            0
		0  0
		91     0.863201     0.105976    -0.067997           81            5           91    0.0999008            0
		0  0
		92     0.997823     0.176459   -0.0742722           82            5           92    0.0999008            0
		0  0
		93      1.15819    0.0964682   -0.0769949           83            5           93    0.0999008            0
		0  0
		94      1.31566     0.174201    -0.093976           84            5           94    0.0999008            0
		0  0
		95      1.45811     0.186044   -0.0924523           85            5           95    0.0999008            0
		0  0
		96       1.6122     0.149569   -0.0862424           86            5           96    0.0999008            0
		0  0
		97      1.78398     0.212088   -0.0668097           87            5           97    0.0999008            0
		0  0
		98    -0.207864    -0.144146   -0.0712446           89            5           98    0.0999008            0
		0  0
		99    -0.198927    -0.207596   -0.0708871           90            5           99    0.0999008            0
		0  0
		100    -0.4603105     -0.220447    -0.1223923            91             5           100    0.09990079             0
		0  0
		101    -0.5520748    -0.4225232   -0.06694054            92             5           101    0.09990079             0
		0  0
		102     -0.744844    -0.4125951   -0.09765883            93             5           102    0.09990079             0
		0  0
		103    -0.8355846     -0.569412   -0.09182709            94             5           103    0.09990079             0
		0  0
		104    -0.8652088    -0.6573383   -0.07605365            95             5           104    0.09990079             0
		0  0
		105     -1.128123    -0.6031649     -0.083908            96             5           105    0.09990079             0
		0  0
		106     -1.110373    -0.7669422    -0.1225179            97             5           106    0.09990079             0
		0  0
		107     -1.223013    -0.7805231   -0.07110798            98             5           107    0.09990079             0
		0  0
		108     -1.470736    -0.9895056   -0.07514834            99             5           108    0.09990079             0
		0  0
		109     0.1616949    0.07872752   -0.05765039           101             5           109    0.09990079             0
		0  0
		110     0.2729314    -0.1353998   -0.06256631           102             5           110    0.09990079             0
		0  0
		111     0.4809282    0.02163829     -0.102084           103             5           111    0.09990079             0
		0  0
		112     0.6556723    -0.1630243   -0.09411646           104             5           112    0.09990079             0
		0  0
		113     0.7202456    -0.1437176    -0.1072778           105             5           113    0.09990079             0
		0  0
		114     0.9532733   -0.03051875   -0.05985771           106             5           114    0.09990079             0
		0  0
		115      1.048745    -0.2027786    -0.1209733           107             5           115    0.09990079             0
		0  0
		116      1.267826    -0.1334908    -0.1263561           108             5           116    0.09990079             0
		0  0
		117      1.384199     -0.139975    -0.0744472           109             5           117    0.09990079             0
		0  0
		118      1.597266    -0.1430252   -0.07292052           110             5           118    0.09990079             0
		0  0
		119      1.625091    -0.3019469   -0.08390091           111             5           119    0.09990079             0
		0  0
		120     0.1454354   -0.08902347   -0.06859441           113             5           120    0.09990079             0
		0  0
		121     0.1840995    -0.2567852    -0.1121477           114             5           121    0.09990079             0
		0  0
		122     0.2749495    -0.4522661   -0.08143162           115             5           122    0.09990079             0
		0  0
		123     0.1902104    -0.6472446   -0.08455451           116             5           123    0.09990079             0
		0  0
		124     0.3658324    -0.7893568   -0.05978833           117             5           124    0.09990079             0
		0  0
		125     0.4113559    -0.9035738     -0.079579           118             5           125    0.09990079             0
		0  0
		126      0.379937     -1.078252   -0.06054352           119             5           126    0.09990079             0
		0  0
		127     0.4313048     -1.214755   -0.05891518           120             5           127    0.09990079             0
		0  0
		128     0.5136833     -1.205977   -0.07849997           121             5           128    0.09990079             0
		0  0
		129     0.6379509     -1.477337    -0.1045063           122             5           129    0.09990079             0
		0  0
		130      0.617554     -1.630915   -0.08469307           123             5           130    0.09990079             0
		0  0
		131   -0.01754152    -0.2131511    -0.1389042           125             5           131    0.09990079             0
		0  0
		132   0.007141365    -0.2741063    -0.1231802           126             5           132    0.09990079             0
		0  0
		133   -0.01145649    -0.3707135   -0.08275448           127             5           133    0.09990079             0
		0  0
		134   -0.01171981    -0.6208059    -0.1291282           128             5           134    0.09990079             0
		0  0
		135    0.01871823    -0.7893427   -0.07156581           129             5           135    0.09990079             0
		0  0
		136   -0.03107193    -0.9929263   -0.09805067           130             5           136    0.09990079             0
		0  0
		137   -0.06599219     -1.145892    -0.1199304           131             5           137    0.09990079             0
		0  0
		138    -0.1192195      -1.31514   -0.06258934           132             5           138    0.09990079             0
		0  0
		139    -0.1668221     -1.467953    -0.1079508           133             5           139    0.09990079             0
		0  0
		140    -0.2200546     -1.484553    -0.1010565           134             5           140    0.09990079             0
		0  0
		141    -0.2604582     -1.679092   -0.09418159           135             5           141    0.09990079             0
		0  0
		142      0.195307    -0.1147345    -0.1324702           137             5           142    0.09990079             0
		0  0
		143     0.3446679    -0.1745396    -0.1016628           138             5           143    0.09990079             0
		0  0
		144     0.4203181    -0.1792316   -0.07619629           139             5           144    0.09990079             0
		0  0
		145     0.5160497    -0.4022279    -0.1483924           140             5           145    0.09990079             0
		0  0
		146     0.6681254    -0.5182757    -0.0705447           141             5           146    0.09990079             0
		0  0
		147     0.7022712    -0.5618323    -0.1420747           142             5           147    0.09990079             0
		0  0
		148     0.8070673    -0.6159107   -0.09656942           143             5           148    0.09990079             0
		0  0
		149     0.9648611    -0.7980176   -0.07290207           144             5           149    0.09990079             0
		0  0
		150      1.228411    -0.7683339   -0.09091162           145             5           150    0.09990079             0
		0  0
		151      1.337125    -0.8941655    -0.1324529           146             5           151    0.09990079             0
		0  0
		152      1.334732     -1.055765   -0.07922624           147             5           152    0.09990079             0
		0  0
		153    -0.2467673   -0.02656078   -0.09135129           149             5           153    0.09990079             0
		0  0
		154    -0.3926756   -0.03444257   -0.09312765           150             5           154    0.09990079             0
		0  0
		155     -0.551881    0.03589247   -0.07596081           151             5           155    0.09990079             0
		0  0
		156    -0.6871946    0.06280548    -0.0775982           152             5           156    0.09990079             0
		0  0
		157    -0.6790498    0.02601255   -0.06467991           153             5           157    0.09990079             0
		0  0
		158    -0.9939269     0.0398587   -0.09643952           154             5           158    0.09990079             0
		0  0
		159     -1.130605    0.06394746    -0.1066832           155             5           159    0.09990079             0
		0  0
		160     -1.279635   -0.09870542   -0.09821232           156             5           160    0.09990079             0
		0  0
		161     -1.349023    -0.1014179   -0.06880398           157             5           161    0.09990079             0
		0  0
		162     -1.509446   -0.06674997   -0.08684697           158             5           162    0.09990079             0
		0  0
		163     -1.794997   -0.04398944   -0.08068741           159             5           163    0.09990079             0
		0  0
		164    -0.1046215   -0.04566647   -0.06486602           161             5           164    0.09990079             0
		0  0
		165    -0.3625371    0.07669284    -0.1351457           162             5           165    0.09990079             0
		0  0
		166     -0.539511     0.1389835   -0.09905783           163             5           166    0.09990079             0
		0  0
		167    -0.5984861     0.1478546    -0.1212536           164             5           167    0.09990079             0
		0  0
		168    -0.7995388     0.2586015   -0.09699337           165             5           168    0.09990079             0
		0  0
		169     -1.001043     0.2226154   -0.07251691           166             5           169    0.09990079             0
		0  0
		170     -1.051745     0.1490715   -0.07251463           167             5           170    0.09990079             0
		0  0
		171     -1.118256     0.3188237   -0.07634492           168             5           171    0.09990079             0
		0  0
		172     -1.363726     0.4033054    -0.1191091           169             5           172    0.09990079             0
		0  0
		173     -1.554546     0.4371973   -0.08504675           170             5           173    0.09990079             0
		0  0
		174     -1.611513     0.4785792   -0.07092424           171             5           174    0.09990079             0
		0  0
		175   -0.07160208   0.004574776    -0.0780729           173             5           175    0.09990079             0
		0  0
		176    -0.3193131    0.08472397   -0.07362216           174             5           176    0.09990079             0
		0  0
		177    -0.4203871     0.1541205   -0.07979707           175             5           177    0.09990079             0
		0  0
		178    -0.5924713     0.2754074   -0.09792976           176             5           178    0.09990079             0
		0  0
		179     -0.739791     0.3876886   -0.08714529           177             5           179    0.09990079             0
		0  0
		180    -0.8097433      0.583698   -0.09524226           178             5           180    0.09990079             0
		0  0
		181    -0.8477341     0.6533657   -0.07611669           179             5           181    0.09990079             0
		0  0
		182     -1.129047     0.7098245   -0.06496116           180             5           182    0.09990079             0
		0  0
		183     -1.130776     0.8226511    -0.1055111           181             5           183    0.09990079             0
		0  0
		184     -1.292211     0.7305722   -0.07499016           182             5           184    0.09990079             0
		0  0
		185     -1.389482     0.8615183     -0.131834           183             5           185    0.09990079             0
		0  0
		186   0.002124093    0.07730627    -0.1304986           185             5           186    0.09990079             0
		0  0
		187    0.01292273     0.3904593   -0.09163712           186             5           187    0.09990079             0
		0  0
		188    -0.1500818      0.482662   -0.08694346           187             5           188    0.09990079             0
		0  0
		189    -0.0728798     0.7128669    -0.0711183           188             5           189    0.09990079             0
		0  0
		190    -0.1915662     0.7659321   -0.08315232           189             5           190    0.09990079             0
		0  0
		191    -0.1972667     0.9413562    -0.1141645           190             5           191    0.09990079             0
		0  0
		192   -0.04569076      1.022077   -0.07179994           191             5           192    0.09990079             0
		0  0
		193   -0.06720613      1.204353    -0.1013077           192             5           193    0.09990079             0
		0  0
		194    -0.2605455      1.419077   -0.07206393           193             5           194    0.09990079             0
		0  0
		195    -0.2402422      1.580701    -0.1311272           194             5           195    0.09990079             0
		0  0
		196    -0.2987333      1.705234    -0.1029339           195             5           196    0.09990079             0
		0  0
